c(19, 5155, 5154, 1, 1, 1664, 1, 4100, 7143, 1, 1, 215, 5931, 19, NA, 2468, 1, 8223, 1, 3679, 1, 3681, 3983, 6145, 416, 7834, 19, 5498, 6517, 5859, 1, NA, 4378, 1, NA, 7042, 1, NA, 5912, 431, 7834, 19, 3295, 1355, 4871, 4288, 6462, 936, 622, 2714, 19, 6111, 4112, 7647, 4282, 4403, 5088, 6792, 1, 456, 7834, 19, 188, 2565, 3160, 5847, 5015, 7467, 2781, 696, 2714, 19, 3273, 6644, 4780, 4792, 7796, 4161, 963, 631, 2714, 19, 7962, NA, 5961, 5181, 4733, 1, 449, 7834, 19, 6907, 3002, 1308, 993, 997, 988, 
3818, 1, 377, 3037, 19, 7459, NA, 1494, 4964, 5331, 1848, 4756, 1, NA, 5027, 1493, 634, 2714, 19, 3752, NA, 1, 1257, 1256, 1, 253, 5931, 19, 2254, 1, 2960, 103, 102, 72, 7576, 2407, 19, 5136, 2951, 6928, 7449, 1154, 631, 2714, 19, 1244, 2999, 5993, 7149, 3809, 1, 1, 377, 3037, 19, 1412, 5985, 3556, 3440, 3035, 6422, 1627, 2789, 19, 6965, 4657, 7846, 7169, 5574, 7581, 129, 3751, 19, 8059, 7913, 1126, 6702, 1600, 2789, 19, 6163, 7667, 7339, 178, 4908, 4956, 6849, 635, 2714, 19, 5146, 2532, 4368, 3796, 
1, 331, 3037, 19, 6877, 3516, 1, 4430, 1, 4992, 7086, 1, 450, 7834, 19, 7704, 3096, 4729, 1239, 7002, 7244, 4803, 3975, 3199, 7579, 8130, 19, 7277, 2423, 1, 3360, 3167, 273, 5931, 19, 3319, 5696, 7357, 6283, 7014, 141, 3243, 7124, 140, 656, 2791, 19, 841, 6935, 3099, 2508, 7312, 4205, 7121, 5548, 726, 2714, 19, 7655, 6527, 1, 4504, 6112, 414, 7834, 19, 5841, NA, 4900, 1435, 5321, 7908, 1434, 638, 2714, 19, NA, NA, NA, NA, 1, 1, 364, 3037, 19, 5779, 6534, 5782, 5249, 5884, 5464, 5778, 4940, 5247, 
4451, 4458, 425, 7834, 6669, 4658, 7677, NA, 7752, 7902, 2407, 19, 6235, 6531, 5374, 5278, 589, 7834, 19, 2734, NA, 1, 7211, 1, 1, 1, 1, 6238, 239, 5931, 19, 1719, 2630, 5928, 1812, 7252, 5531, 4938, 5901, 4856, 1771, 8079, 632, 2714, 19, 7065, 1506, 4146, 5387, 5356, 581, 7834, 19, 6421, 6890, 3669, 6886, 6110, 1635, 2789, 19, 3564, NA, 5902, 6276, 6386, 4902, 3677, 6269, 7774, 1, 416, 7834, 19, NA, NA, 7577, 2407, 19, 2236, 1700, 2870, 6258, 7383, 1740, 2869, 7662, 1740, 2868, 3036, 1740, 2867, 
7864, 4807, 1740, 2866, NA, 1653, 2789, 19, 6296, 5627, 1, 3289, 1, 3321, 1, 3331, 6342, 6998, 460, 7834, 19, 7457, 1, 1229, 4677, 7682, 6031, 1, 432, 7834, 19, 816, 1, 7184, 5519, 5042, 7939, 117, 3751, 19, 1575, 3007, 1, 7054, 5047, 1, 7707, 1, 5036, 3798, 447, 7834, 19, 7091, 7623, 2160, NA, 2205, 4521, 2272, 1102, 2282, 4559, 2314, 8154, 1628, 2789, 19, 5152, 2733, 1, 6626, 3760, 1, 1, 282, 5931, 19, 5866, 4089, 3635, 1, 5580, 7875, 4929, 3791, 358, 3037, 19, 3746, NA, 1, 1300, 1, NA, 252, 5931, 
19, 5660, 6206, 4872, 2723, 2722, 2721, 8075, 3227, 639, 2714, 19, 6967, 7175, 3540, 2607, 4642, 2706, 2610, 128, 3751, 19, 4661, 6709, 6722, 6729, 6738, 6737, 2864, 7185, 7835, 19, 1711, 2665, 1, 6490, 1, 5674, 1, 6066, 1, 5729, 1, 3935, 423, 7834, 19, 7245, 1, 2520, 1, 4190, 1, 7597, 1, 7601, 414, 7834, 19, 6900, 6518, 7395, 7805, 4492, 453, 7834, 19, 6813, 7640, 7221, 7039, 577, 7834, 19, 185, 2467, 1, 3676, 1, 8224, 1, 7435, 1, 3980, 1, 5675, 1, 3327, 1, 7436, 1, 7377, 1, 6428, 1, 3337, 1, 3680, 
1, 4881, 416, 7834, 19, 7673, 6539, 6553, 6575, 4142, 4851, 1, 4454, 1, 4459, 441, 7834, 19, 4539, 3525, 2631, 5576, 1863, 6896, 636, 2714, 19, 5860, 6536, 3471, 5858, 3840, 557, 7834, 19, 873, 2968, 6390, 5014, 1998, 1889, 3330, 2028, 1054, NA, 2714, 19, 6795, 5978, 4382, 5032, 400, 3037, 19, 776, 1, 3426, 6211, 3915, 1487, 53, 3751, 19, 3629, 2531, 3504, 3796, 331, 3037, 19, 6423, 3010, 1169, 6820, 5595, 7835, 19, 2954, 5974, 5811, 5886, 6307, 6251, 473, 7834, 19, 5199, NA, 1175, 6922, 1856, 2996, 
611, 2714, 19, 6966, NA, 59, 3751, 19, 896, 2564, 6936, 5396, 2073, 1861, 2064, 1890, 6133, 618, 2714, 19, 6162, 6642, 4779, 4952, 6095, 2784, 977, 631, 2714, 19, 7813, 6519, 7394, 8199, 1753, 1754, 8042, 1, 584, 7834, 19, NA, NA, 1, 1440, NA, 258, 5931, 19, 1407, 7944, 6144, 7389, 142, 1636, 2789, 19, 1078, 1080, 5457, 7414, 7413, 2402, 2404, 2406, 7565, 3042, 19, 3103, 6520, 4377, 4395, 584, 7834, 19, 6816, NA, 2055, 145, 2650, 2080, 144, 614, 2714, 19, 7064, 5973, 5799, 4998, 596, 7834, 19, 1321, 
8136, 2083, 2461, 4808, 2085, 6818, 631, 2714, 19, NA, 8145, 1759, 1757, 1755, 1751, 6845, 1760, 1758, 1, 6035, 7968, 436, 7834, 19, NA, NA, NA, NA, 7834, 19, 3277, 2470, 6255, 5096, 8119, 5101, 5906, 6033, 3191, 8116, 1, 416, 7834, 19, 1673, NA, 6331, 5330, 1, 7088, 1517, 5795, 4961, 8115, 5794, 6991, 7141, NA, 7834, 19, 1238, 2987, 5702, 5178, 4736, 3809, 1, 377, 3037, 19, 5913, 2485, 4774, 2000, 2049, 1143, 631, 2714, 19, 2226, 1467, 1, 6723, 1, 6494, 1, 5491, 1631, 2789, 19, 5559, 2983, 1, 7794, 
6219, 460, 7834, 19, 3550, 2250, 4685, 6662, 3035, 5508, 7552, 3042, 19, 1694, NA, NA, NA, 2714, 19, 1710, 2662, 1, 5728, 3432, 7275, 4252, 7355, 6179, 7365, 6147, 7030, 423, 7834, 19, 6876, 4191, 4886, 4668, 527, 7834, 19, 7970, 2798, 5285, 4954, 4801, 3792, 1, 352, 3037, 19, 4111, 1324, 3315, 2752, 549, 7834, 19, 3691, 2911, 7222, 1, 1551, 1, 1576, 1, 1545, 1, 1669, 1, 3713, 448, 7834, 19, 182, 2465, 1, 8114, 1, 4440, 1, 8118, 1, 6497, 1, 6650, 1, 3577, 416, 7834, 19, 3930, 8206, 2121, 4509, 4391, 
3035, 6677, 6954, 2113, 3035, 1796, 3035, 4867, 3035, 1186, 3035, 7519, 3042, 19, 5421, 4052, 4004, 5698, 3818, 1, 377, 3037, 19, 6528, 1242, 3551, 5178, 4736, 6140, 579, 7834, 19, 6963, 7171, 4640, 2901, 3751, 19, 179, NA, 3951, 5304, 7890, 3675, 6208, 5648, 6393, 576, 7834, 19, 5503, 4053, 3641, 3819, 377, 3037, 19, 1682, NA, 2714, 19, 5384, 6351, 2714, 19, 6904, 3110, 631, 2714, 19, 6784, 4474, 2714, 19, 6747, NA, NA, NA, 671, 2791, 19, 6961, 4636, 7170, 7165, 3169, 61, 3751, 19, 4537, 2154, 6634, 
1, 2213, 2339, 1, 2268, 7942, 1, 2292, 3109, 1, 2309, 7426, 1, 2333, 7378, 1, 2343, 1314, 1, 2351, 4000, 1, NA, 1, NA, 1, 1655, 2789, 19, 5763, 1231, 5764, 166, 4976, 1, 316, 3037, 19, 861, NA, 2714, 19, 5112, 4513, 2714, 19, 5474, 4134, NA, 2714, 19, 3079, 2844, 4421, 3078, 8219, 5011, 3845, 368, 3037, 19, 1168, 2275, 5756, 1, 5305, 3673, 1, 5801, 4182, 1601, 2789, 4649, 1, 7200, 4958, 6377, 1649, 2789, 19, 846, 2547, 2714, 19, 4582, 1181, 4581, 4924, 5758, 3800, 1, 362, 3037, 19, 913, NA, 2714, 
19, 6678, 2486, 2714, 19, 3336, 6516, 6550, 7013, 6572, 4356, 4141, 5244, 4842, 554, 7834, 19, 6433, 6062, 5618, 7028, 6400, 3035, 1602, 2789, 19, 2238, 2184, 3654, 2178, 2175, 2176, 4258, 1739, 3662, 2180, 2179, 2173, 2172, 2177, 6910, 1739, 5831, 2171, 1739, 7247, 2174, 1739, 7666, 2170, 3709, 3751, NA, 5456, 5460, 4572, 6348, 3609, 7883, 1081, 658, 2791, 19, 6745, 2546, 2714, 19, 4538, 2492, 631, 2714, 19, 5530, NA, 2714, 19, 5203, 4045, 4439, 4005, 7873, NA, 1526, 1535, 7778, 453, 7834, 19, 3222, 
4067, 4863, 1, 3761, 279, 5931, 19, 1217, 4070, 5339, 5874, 1, NA, 5495, 438, 7834, 19, 4728, 5180, 1, NA, NA, 7758, 2988, 7552, 3042, 19, 6275, 2802, 2811, 2599, 2799, 2810, 2601, 2904, 2659, 2803, 143, 4018, 1504, 3412, 592, 7834, 19, 1345, 4039, 4869, 6225, 4676, NA, 353, 3037, 19, 6607, 7094, NA, 5117, 7945, 1, 5196, 5115, 7584, 1, 5119, 5195, 5118, NA, 6117, 1, 7429, 1627, 2789, 19, 6596, 6259, 6385, 4249, 6592, 127, 832, 2381, 924, 6542, 19, 7618, 2385, 5080, 3767, 4604, 5536, 271, 5931, 19, 
6960, 7172, 6721, 5562, 4639, 2900, 2708, 3912, 3168, 2350, NA, 3751, 19, 5614, 2469, 4389, 5094, 6479, 5553, 5616, 8112, 8230, 4904, 3959, 5186, 4880, 5496, 5659, 1, 1, 1, 1, 416, 7834, 19, 5380, 2664, 6099, 6996, 1552, 1, 3035, 7978, 1, 3035, 1, 3035, 1, 3035, 3190, 1, 3035, 4232, 1, 3035, 1, 3035, 4230, 1, 3035, 6763, 1, 3035, 1, 3035, 5852, 8034, 424, 7834, 19, 8076, 7688, 1, 7619, 1, 3450, 1, 250, 5931, 19, 4113, 1381, 5775, 4200, 5315, 1, 1, 7773, 1, 456, 7834, 19, 3274, 8156, 1769, 637, 2714, 
19, 5156, 6772, 711, 2714, 19, 6410, 7831, 4437, 3906, 1505, 350, 3037, 19, 7907, 5713, 5818, 5547, 544, 7834, 19, 3126, 1464, 1, 5776, 5744, 5329, 3843, 503, 7834, 19, 8060, 1021, 1, 1, 6461, 1, 1, 1, 7784, 1, 1020, 1, 1582, 2789, 19, 183, 4587, 1, 5641, 1, 6141, 1, 3948, 1, 5307, 1, 4482, 1, 7043, 1, NA, 1, 4410, 1, 5194, 1, 4862, 447, 7834, 19, 7009, 2545, 734, 2714, 19, 5680, 1079, NA, 4491, 1, 396, 3037, 19, 1160, 4020, 5785, 5010, 7590, 6395, 4898, 5472, 498, 7834, 19, 922, NA, 699, 2714, 19, 
6959, 4635, NA, 3751, 19, 870, NA, 5432, 2714, 19, 3687, 2569, 5465, 4833, 3835, 565, 7834, 19, 3239, 3974, 7835, 7374, 2169, 2407, 19, 6455, 1844, 1840, 1834, 1845, 1871, 1977, 8213, NA, 3042, 19, 3970, 6103, 3668, 3211, 1, 7973, 1, 435, 7834, 19, 7972, 4167, NA, 3371, 5893, 1, 3035, 1, 3035, 7344, 1, 3035, 1, 3035, 3376, 5019, 1, 3035, 6885, 575, 7834, 19, 3943, 7991, NA, 3042, 19, 3568, 2471, 3986, 5240, 7198, 6951, 6952, 155, 5617, 6755, 6291, 5237, 1, 6105, 416, 7834, 19, 195, 2559, 2714, 19, 
3513, 3138, 7402, 6373, 1526, 1535, 453, 7834, 19, 6537, 1445, 5862, 7733, 7022, 4837, 3842, 1, 557, 7834, 19, 5597, 3552, 1, 1, 6109, 1, 3318, 1, 1, 1659, 2789, 19, 2500, 4323, 2714, 19, 180, 7870, 7686, 3741, 5572, 6183, 5570, 4465, 7232, 7273, 4181, 5571, 6436, 7220, 6025, 487, 7834, 19, 5851, 8176, 4456, 5671, 4589, 3259, 7058, 138, 831, 2381, 924, 6542, 19, 5144, 2521, 5963, 3592, 1, 7779, 603, 7834, 19, 1685, 6059, 726, 2714, 19, 3730, 2981, 1, 7216, 1, 6074, 6466, 3602, 3595, 6344, 2424, 5232, 
460, 7834, 19, 756, 7715, 5809, 4934, 7385, 1, 3035, 3077, 1, 2159, 1, 3035, 6457, NA, 7529, 3042, 19, 1331, 1333, 6574, 6549, 4143, 5244, 4147, 6445, 554, 7834, 19, 6958, 7176, NA, 3751, 19, 7490, 1016, 4675, NA, 5789, 4982, 530, 7834, 19, 3195, 4652, 3655, 3661, 7248, 4993, 6645, 1307, 1500, 1011, 6443, 1423, 1546, 511, 7834, 19, 7234, 5171, 1, 5172, 1, 5981, 1, 5506, 1607, 2789, 19, 208, 6332, 5241, 1, 3035, 5238, 3035, 5544, 3035, 1, 3035, 1, 3035, 7665, 3874, 7528, 3042, 19, 4336, 4185, 241, 
2387, 19, 1708, 2915, 1, 3543, 1, 6040, 1, 3545, 1, NA, 1, 6272, 1, 3784, 1, 5303, 1, 4350, 7675, 1, 4231, 1, 6824, 1, 4250, 1, 5528, 1, 8083, 1, 2410, 447, 7834, 19, 186, 2663, 8192, 1, 6491, 5732, 8046, 5586, 7810, 3074, 1, 4387, 1, 7269, 423, 7834, 19, 156, 1675, 6612, 2714, 19, 6957, 4628, 100, 3751, 19, 207, 2563, 2714, 19, 6744, 1508, 4332, 4767, 377, 3037, 19, 7310, 2710, 1117, 1, 3355, 1943, 708, 2714, 19, 8053, 5717, 1127, 4544, 501, 7834, 19, 6485, 4433, 1, 1312, 5165, 1313, 1, 240, 5931, 
19, 1245, 5162, 3311, 6244, 1, 8217, 1, 3035, 1608, 2789, 19, NA, 2447, 1, NA, 5062, 1, 269, 5931, 19, 6279, 6091, 730, 2714, 19, 206, 2560, 700, 2714, 19, 3058, 6369, 1422, 631, 2714, 19, 4121, 3379, 8089, 1, 7263, 1, 4152, 1, 1, 6107, 1, 1, 1646, 2789, 19, 6088, 1079, 6863, 1, 4411, 4800, 1, 396, 3037, 19, 6359, 3022, 953, 726, 2714, 19, 187, NA, 1952, 2714, 19, 3587, 2707, 1, 5222, 1, NA, 1118, 249, 5931, 19, 6748, 3505, 1370, 1236, 4752, 658, 2791, 19, 7038, NA, 1780, 2090, 3127, 631, 2714, 19, 
8055, 8050, 1332, 6551, 6571, 6796, 505, 7834, 19, 202, 2477, 2714, 19, 2183, 1246, 5173, 1, 7329, 1609, 2789, 19, 4069, 1233, 7663, 6616, 5174, 7128, 1659, 2789, 19, 8194, 3456, 1, 3414, 1, 7929, 266, 5931, 19, NA, 1, 2913, 7837, 5389, 7193, 8063, 3990, 4225, 1164, 447, 7834, 19, 1684, 8085, 2714, 19, 7334, 2514, 3737, 7027, 7026, 3055, 2330, 7313, 7025, 6274, 7024, 6352, 6137, 1, 474, 7834, 19, 3542, 1503, 1501, 1, 7450, 1638, 2789, 19, 2522, 5227, 3591, NA, 5148, 5821, 7834, 19, 1513, 3245, 3417, 
3415, 5835, 5833, 3418, 3416, 5836, 5834, 5407, 5408, 3251, 3252, 5405, 5406, 3249, 3250, 7904, 7858, 2571, 2570, 4201, 591, 7834, 19, 7090, 7760, 2149, 1733, 2204, 1733, 2262, 1733, 2288, 8181, 2789, 19, 7940, 2982, 1, 1, 3604, 1, 4429, 3603, 3596, 6343, 2425, 1, 588, 7834, 19, 3008, 6588, 1243, 3882, 567, 7834, 19, 8062, 5711, NA, 3895, 566, 7834, 19, 8196, 4038, 1, 1116, 1, 4969, 1, 6267, 1, 3851, 531, 7834, 19, 6956, 4480, 4641, 3429, NA, 3751, 19, 6285, 2679, 2407, 19, 184, 2917, 4388, 172, 
1, 1, 8177, 1, 7772, 1, 4442, 1, 5569, 447, 7834, 19, 181, 1, 2667, 4434, 6870, 7368, 3306, 6200, 6646, 6871, 4285, 6022, 423, 7834, 19, 6069, 3408, 1962, 1941, 2111, 2016, 1888, 2037, 2062, 1875, 1876, 2120, 2065, 2782, 695, 2714, 19, 1401, 6044, 7260, 5605, 1735, 1772, 1738, 6045, 6052, 6505, NA, 5668, 6398, 8130, 19, 7215, 5225, 5825, 7965, 477, 7834, 19, 6403, 1, 3458, 7391, 6075, 5002, 1, 510, 7834, 19, 4574, 2487, 1865, 701, 2714, 19, 4296, 2418, 1, 5132, 7020, 1, 223, 5931, 19, 1161, 7106, 
4682, 3672, 1, 3035, 8078, 3546, 3035, 1602, 2789, 19, 5473, 4511, NA, 7305, 631, 2714, 19, 889, 2496, 2081, 2714, 19, 6964, 3921, 3343, 130, 3751, 19, 2417, 2386, 1, 1, NA, 3170, 288, 5931, 19, 7098, 2876, 1, 4913, 4461, 1, 285, 5931, 19, 1450, NA, NA, 1335, 1336, NA, 227, 5931, 19, 5501, 2955, 5239, 5091, 8080, 3778, 7891, 1, 3035, 4907, 480, 7834, 19, 5881, 7085, 3146, 5883, 6789, 5723, 4529, 5781, 4221, 496, 7834, 19, 4128, 5867, 3178, 1739, 6686, 1739, 6201, 1739, 6593, 1496, 120, 705, 2381, 
924, 6542, 19, 7274, 6044, 7031, 5598, 1735, 1291, 6683, 7271, NA, 5667, 8130, 19, 159, 8208, 1, 3693, 1, 6089, 1, 2702, 1, 5130, 1, 8179, 1, 3035, 535, 7834, 19, NA, NA, NA, 5087, NA, 526, 7834, 19, 3209, 4129, 2714, 19, 3678, NA, 1343, 4876, NA, 544, 7834, 2637, 6918, 5446, 7681, 5444, 5253, 6309, 7156, 658, 2791, 19, 773, 7213, 101, 3751, 19, 1709, 1, 2666, 1, 7705, 1, 8019, 1188, 6073, 3061, 5555, 5102, 6861, 423, 7834, 19, 5471, 2466, 6508, 6700, 4247, 7196, 5802, 4407, 3276, 601, 7834, 19, 
6962, 3148, 3751, 19, 205, 2464, 3743, 7755, 4281, 4514, 7430, 5556, 5188, 6071, 6335, 479, 7834, 19, 754, 1, 2912, 1, 5089, 1, 3972, 1, 7852, 1, 3548, 1, 3172, 1, 4494, 1, 447, 7834, 19, 1715, 2493, 2714, 19, 8203, 1445, 3648, 4983, 7733, 3841, 3037, 19, 7382, 5175, 5170, 3065, 6484, 1240, 1610, 2789, 19, 3235, 2795, 1, 1, 5725, 5726, 1, 3765, 267, 5931, 19, 8090, 6121, 616, 2714, 19, 3161, 4471, 1, 3035, 4483, 3866, 1, NA, 1, 7549, 3042, 19, 7809, 2975, 980, 2714, 19, 6803, 4648, 5774, 1, 3826, 
457, 7834, 19, 8087, 8205, 7460, 7461, 1736, 7452, 3904, 673, 2791, 19, 2168, 4631, 3714, 52, 3751, 19, 7636, 4425, 962, NA, 2714, 19, 6360, 2233, 2763, 7857, 2714, 19, 4133, 5941, 1, 6878, 3774, 285, 5931, 19, 203, 2488, 2714, 19, 7609, 3467, 7390, 7886, 497, 7834, 19, 8237, 2737, 1, 5532, 3694, 7712, 6180, 1, 435, 7834, 19, 4180, 6540, 6840, 5248, 5049, 1247, 497, 7834, 19, 5949, 7453, 5955, 6220, 6770, 8117, 5925, 3944, 6776, 650, 2791, 19, 905, 6751, 1810, 732, 2714, 5954, 2525, 7416, 6322, 4922, 
1641, 2789, 19, 7104, 4024, 7835, 19, 4256, NA, 1928, 1, 5082, NA, 2714, 19, 3521, 1495, 6224, 1, 1, 1498, 1, 7993, 1, 1, 1626, 2789, 19, 7659, NA, 1, NA, 1252, 1, 237, 5931, 19, 794, 4670, 3751, 19, 7053, 2825, 2407, 19, 1537, 5971, 2380, 6507, 4798, 601, 7834, 19, 8231, 1409, 6167, 6334, 6336, 4749, 6168, 6920, 6169, 4269, 655, 2791, 19, 2731, 1056, 1, 3362, 7137, 278, 5931, 19, 1396, 6547, 1, 4261, 1, 6489, 3240, 1, 1, 1624, 2789, 19, 4611, 14, 15, 13, 541, 7834, 19, 4327, 5854, 3719, 5159, 3873, 
NA, 3042, 19, 3046, 4245, 1744, 2138, 1744, 2164, 1744, 2163, 1744, 2167, 1736, 2139, NA, 1744, 2165, 1736, 2140, 2166, 3729, 2765, 3751, 19, 757, 2683, 1, 1, 1, 7672, 4508, 1, 1, 1, 1, 4970, 6143, 1, 1, 5731, 1, 1, 6481, 1, 1, 1, 6492, 7150, 1, 7356, 1, 7496, 1, 4517, 1, 4351, 1, 3288, 1, 423, 7834, 19, 1687, 2973, 3444, 2714, 19, 5700, 5752, 1, 5409, 7127, NA, 3042, 19, 5634, 2878, 1, 1550, 6850, 1, 263, 5931, 19, 3523, 2427, 1, 1, 7909, 5541, 1, 6610, 233, 5931, 19, 6782, 6540, 5251, 6841, 5780, 
497, 7834, 19, 7709, 8144, 6034, 5790, 590, 7834, 19, 6987, 3659, 2255, 4836, 4624, NA, 114, 3751, 19, 6889, 1514, 1799, 1935, 1807, 1815, 1813, 1983, 1981, 1816, 1814, 1984, 1982, 1936, 1806, 1929, 1800, 3037, 19, 758, 1, 2916, 1, 6041, 1, 3547, 1, 3332, 1, 4905, 1, 4348, 1, 447, 7834, 19, 4086, 7406, 1, 6237, 421, 7834, 19, 3182, 1408, 4988, 3885, 1, 336, 3037, 19, 5371, 1502, 7738, 5368, 7602, 4162, 651, 2791, 3484, 1187, 8212, 7869, 6306, 6915, 658, 2791, 19, 3630, 4046, 4325, 3856, 377, 3037, 
19, 6389, 4334, 1792, 2008, 631, 2714, 19, 5500, 6535, 1445, 5862, 7733, 497, 7834, 19, 7152, 7148, 949, 1891, 2101, 1932, 1803, 1937, 1808, 1933, 1804, 1784, 5191, 619, 2714, 19, 8143, NA, 126, 3751, 19, 3106, 4093, 2657, 2807, 534, 7834, 19, 8153, 4011, 4500, 4942, 1410, 331, 3037, 19, 3531, 2727, 1, 1, 3147, 4354, 278, 5931, 19, NA, NA, 8047, 2714, 19, 3320, NA, 1, 1, NA, 3363, 1, NA, 6367, 1, NA, 1, NA, 4577, 1, 7362, 235, 5931, 19, 1059, 2747, NA, 3790, 1, 358, 3037, 19, 6864, 1142, NA, 5058, 
2146, 7434, 2203, 5353, 2260, 4730, 2283, 4680, 645, 2791, 19, 1536, 4138, 6449, 4980, 4220, 4810, 1, 351, 3037, 19, 6599, 4126, 6604, 6299, 4151, 1, 4503, 4413, 6561, 430, 7834, 19, 7984, 5207, 1, 7804, 6354, 1, 416, 7834, 19, 6995, NA, 1003, 1, 1002, 5873, 4745, 324, 3037, 19, 7713, 4087, 5441, 5445, 5252, 488, 7834, 19, 1693, 3969, 147, NA, 612, 2714, 19, 5819, NA, 2099, NA, 2714, 19, 1089, 2156, 1740, 2211, 1740, 2266, 1740, 2295, 1617, 2789, 19, 6981, 7174, 4625, 7158, NA, 3751, 19, 7668, 4381, 
5695, 4921, 323, 3037, 19, 5888, 5626, 7067, 4396, 1, 4270, 5514, 4346, 428, 7834, 19, 4109, 6533, 5581, 7874, 4696, 1, 508, 7834, 19, 4042, 1310, 3495, 1, 4001, 1, 4687, 1, 8168, NA, 5364, 4169, 454, 7834, 19, 4562, 2769, 1008, 7427, 6113, 7535, 3042, 19, 4708, 3625, 4273, 3857, 1, 308, 3037, 19, 1184, 2688, 6848, 6471, 1, 4447, 3775, 1, 423, 7834, 19, 789, 6919, 23, 3751, 19, 1531, 5942, 1, 1327, 6740, 278, 5931, 19, NA, 4449, 5475, 4531, 7131, 1, 404, 3037, 19, 7969, NA, 2714, 19, 7074, 4073, 
1275, 4873, 553, 7834, 19, 6825, 5208, 6339, 5242, 5267, 4575, 1, 4479, 1, 4493, 3446, 6655, 7059, 1555, 1214, 417, 7834, 19, 5539, 4287, 626, 2714, 2748, 5160, 1, 1060, 1643, 2789, 19, 787, 7101, 46, 3751, 5947, 1419, 4784, 5905, 7379, 658, 2791, 19, 6515, 5219, NA, 1, 1, 4505, 1, 4385, 1, 455, 7834, 19, 2689, 2687, 4899, 5730, 6289, 5691, 7776, 7946, 423, 7834, 19, 747, 1170, 1, 6780, 4949, 1, 6039, 8018, 1, 4246, NA, 1, 3118, 3544, 7045, 1, 3173, 447, 7834, 19, 2544, 4702, 4525, 8025, 6805, 5201, 
335, 3037, 19, 6817, 4031, 1492, 2714, 19, 292, 5382, 5026, 2714, 19, 6980, 7163, 4638, 21, 3751, 19, 3107, 1415, 5760, 5163, 7035, 5437, 1, 1656, 2789, 19, 6018, 5837, 6901, 3463, 6192, 6405, 580, 7834, 19, 2992, 2991, 7393, 4375, 4328, 1, 5494, 1, 5383, 1, 5095, 1, 444, 7834, 19, 8081, 2685, 1, 7243, 6665, 1, 5613, 423, 7834, 19, 4023, 3155, 7835, 19, 4154, NA, 1, NA, 11, 1, 254, 5931, 19, 3728, 1480, 2714, 19, 4110, 6701, 3589, 4176, 1, 358, 3037, 19, 875, 2846, 5924, 2863, 624, 2714, 19, 8200, 
5210, 7801, 5266, 4575, 479, 7834, 19, 4061, 6, 6502, 1230, 1290, 169, 8130, 19, 1190, 6227, NA, 4219, NA, 5376, NA, 7683, NA, 338, 3037, 19, 3734, 2698, 2407, 19, 5705, 1380, 1, 4470, 1413, 1, 1, 7818, 411, 7834, 19, 852, 2849, 6038, 2714, 19, 4104, 3642, 7723, 7056, 4473, 1, 403, 3037, 19, 6693, 4422, 3497, 3894, 366, 3037, 19, 6807, 16, 5646, 6413, 5122, 4376, 528, 7834, 19, 3605, 2552, NA, 633, 2714, 19, 6376, 8150, 2714, 19, 5606, 1414, 5761, 7877, 5164, 4889, 3865, 506, 7834, 19, 8056, 3462, 
4764, 6146, 604, 7834, 19, 2758, 7932, 1, 1088, 4768, 1, 1596, 2789, 19, 5453, 1189, 7670, 7431, 7767, 685, 2791, 19, 8015, 2851, 971, 631, 2714, 19, 3068, 6636, 2714, 19, 177, 2553, NA, 616, 2714, 19, 6392, 6514, NA, NA, 1, 7811, NA, 5093, NA, 8216, 6282, 6142, 1, 586, 7834, 19, 4074, 1, 1272, 1, 1, 7941, 5300, 7861, 5288, 5813, 1, 4315, 1, 1, 4896, 1, 440, 7834, 19, 799, 4015, 116, 3751, 19, 1092, 7992, 4906, 2434, 7034, 1, NA, 395, 3037, 19, 6799, 7366, 2724, 631, 2714, 19, 3198, 2750, 3649, 4579, 
4372, 165, 3823, 360, 3037, 19, 4127, 1497, 4502, 6597, 4885, 1, 4477, 430, 7834, 19, 303, 7838, 2714, 19, 3514, 5210, 3401, 6340, 4939, 479, 7834, 19, 1084, 6712, 1, 6726, 1, 3610, 1, 6083, 1, 1592, 2789, 19, 160, 2684, 7800, 5692, 7821, 5065, 533, 7834, 19, 6979, 7160, 4626, 2709, 68, 3751, 19, 921, 5542, 4937, 2069, 1860, 628, 2714, 19, 3918, 2937, 3727, 1797, 2714, 19, 6865, 7491, 1368, 5357, 4579, 6096, 497, 7834, 19, 1398, 2880, 1, 1, 6836, 2884, 4965, 286, 5931, 19, 3290, 8016, 6191, 1107, 
514, 7834, 19, 2732, 2726, NA, 1, 1058, 278, 5931, 19, 6867, 3482, 4032, 5748, 4806, 620, 2714, 19, 2924, 3460, 8121, 1554, 5885, 497, 7834, 19, 748, 2914, 7212, 1, 5301, 1, 3947, 1, 5381, 5033, 1, 3570, 1, 3665, 1, 5302, 1, 6705, 447, 7834, 19, 4507, 1320, 1, 1, 6008, 4486, 278, 5931, 19, 893, 2850, 2783, 624, 2714, 19, 5784, 1055, 1, 5793, 1, 7464, 1, 5810, 1, 7465, 1, 5787, 1, 7463, 7777, 7197, 444, 7834, 19, 1193, 1, 7771, 4210, 7233, 3805, 1, 1, 403, 3037, 19, 7855, 2185, 6185, 7529, 3042, 19, 
NA, 4041, 4674, NA, 5788, 4981, 497, 7834, 19, 306, 2554, 6221, 2714, 19, 6978, 4195, 2879, 7177, 37, 3751, 19, 8189, 5620, 4490, 5709, 6444, 3402, 598, 7834, 19, NA, NA, 3492, 6736, 1, 356, 3037, 19, 6948, 5209, 7798, 4, 4914, 1, 7775, 416, 7834, 19, 2984, NA, 2426, 4738, 1, 7835, 19, 4108, 1328, 84, 1734, 137, 1734, 56, 1616, 2789, 19, 5373, 4012, 5370, 4943, 5372, 506, 7834, 19, 6408, 2686, 7787, 4468, 8202, 7255, 1, 4915, 423, 7834, 19, 1086, 4080, 4838, 3794, 1, 358, 3037, 19, 851, 2459, 967, 
2714, 19, 3281, 7649, 1234, 631, 2714, 19, 4028, 6012, 1, 8077, 1, 6243, 1, 6708, 1602, 2789, 19, 2713, 4014, 6573, 4144, 6552, 4148, 497, 7834, 19, 5447, 1390, 3555, 1, 1, 1, 7751, 1389, 1, 1622, 2789, 19, NA, 4040, 4678, NA, 4977, NA, 507, 7834, 19, 6868, 1509, 4331, 3627, 3846, 3037, 19, 1681, 2494, 616, 2714, 19, 906, 2558, 6698, 2714, 19, 802, 3403, 3751, 19, 7285, 1, 6513, 6605, 6298, 3848, 4722, 542, 7834, 19, NA, NA, 7405, 1, NA, NA, 3773, 455, 7834, 19, 8107, 2682, 4911, 8180, 3696, 7229, 
7507, 7195, 3802, 1, 423, 7834, 19, 1690, 2816, 2714, 19, 783, 3073, 6808, 6622, 6509, 62, 3751, 19, 6982, 7161, 4627, 81, 3751, 19, 835, 5637, 5466, 627, 2714, 19, 7018, 2326, 2858, 1747, 6102, 7525, 3042, 19, 1087, 2373, 1, 1, 6627, 1, 1, 1594, 2789, 19, 6785, 2817, 5564, 692, 2714, 19, 8082, 5840, 5937, 2026, 1895, 1978, 4371, 3037, 19, 3300, NA, 3391, 2714, 19, 2838, 1353, 7326, 2407, 19, 3094, 7166, 3751, 19, 4289, NA, 1, 1158, 1, 3763, 222, 5931, 19, 6835, 1114, 3188, 4857, 329, 3037, 19, 4522, 
1418, 5976, 3834, NA, 3037, 19, 6862, 1153, 5746, 7882, 4843, 3797, 369, 3037, 19, 2503, 2128, 7318, 2407, 19, 298, 2819, 964, 2714, 19, 880, 2815, 2030, 1825, 2714, 4662, 2059, 1976, 2116, 2092, 2093, 1854, 7205, 1166, 1647, 2789, 19, 2729, 6072, 1, 1, 4095, 1, 1, 3132, 1, 1, 1, 7083, 278, 5931, 19, 6598, 2680, 1499, 7323, 2407, 19, 7290, 5455, 3035, 5451, 3035, 7975, 3035, 6762, 3035, 7259, 5192, 7531, 3042, 19, 6104, 2836, 6000, 4360, 363, 3037, 19, 2237, 3246, 8131, 5378, 8132, 3718, 2129, 687, 
2791, 19, 3364, 7092, 623, 2714, 19, 3971, 3216, 968, 2714, 19, 6129, 8152, 6337, 5268, 4370, 1, 331, 3037, 19, 5823, 2533, 4374, 4852, 407, 3037, 19, 1, NA, 7947, 7110, 3380, 647, 2791, 19, 5185, 2557, 4097, 617, 2714, 19, 4227, 1, 6643, 1, 4916, 1, 5615, 1, 6664, 5587, 447, 7834, 19, 1679, 3919, 4313, 631, 2714, 19, 6854, 2448, 1, 1, 1, 3571, 1261, 1, 221, 5931, 19, 8160, 3652, 8146, 5442, 7802, 489, 7834, 19, 7678, 1317, 1, 7769, 4414, 1, 4397, 435, 7834, 19, 2374, 998, 990, 982, 985, 984, 961, 
167, 3037, 19, 1691, 2555, 2714, 19, 7656, 4619, 1, 1477, 4555, 2144, 8174, 1, 2202, 3945, 1, 2261, 1, 2284, 1, 2313, 1, 1659, 2789, 19, 5907, 4298, 1, 7754, 1, NA, 5484, 7153, 7533, 3042, 19, 3229, 3685, 4935, 1, 3803, 1, 331, 3037, 19, 189, 2556, 2070, 2714, 19, 2760, 2739, 710, 2714, 19, 6020, NA, 1386, 7749, 615, 2714, 19, 1185, 7480, 7822, 1, 7820, 4398, 3688, 8033, 8043, 423, 7834, 19, 6975, 2359, 4632, 107, 3751, 19, 1, NA, 4260, 2134, 2361, 2130, 2364, 1731, 2135, 2370, 2130, NA, 2130, 2362, 
2130, 2366, 2130, NA, 1731, 2136, 2367, 1731, 2137, 2363, 2130, 2365, 2130, 2369, 2130, 2368, 2130, 6284, 2764, 3751, 19, 2393, 2980, 1, 4478, 4286, 7782, 2397, 5880, 5807, 8134, 7728, 7732, 447, 7834, 19, 890, 2818, 1991, 712, 2714, 19, 6974, 2356, 2357, 71, 3751, 19, 3179, 7617, 2714, 19, 3956, 4309, 991, 1, NA, 7272, 2777, 728, 2714, 19, 1728, 7301, 2714, 19, 4527, 2814, 7745, 726, 2714, 19, 3558, NA, 1, 1155, 1156, 226, 5931, 19, 2690, 2656, 8211, 7868, 6308, 5650, 5820, 533, 7834, 19, 7815, 
1318, 1, 1, 5771, 1, 1, 5754, 1, 1, 7880, 1, 6875, 1, 1, 4409, 1, 6370, 435, 7834, 19, 1558, 2740, 1902, 710, 2714, 19, 6611, 2495, 6353, 631, 2714, 19, NA, 1372, 6328, NA, 4725, 1, 7770, 455, 7834, 19, 1348, 2700, 7936, 7841, 5534, 1, 7455, 5738, 1, 6606, 3381, 1640, 2789, 19, 901, 2550, 2714, 19, 6118, 2242, 5458, 6157, 8028, 655, 2791, 19, NA, 2668, 5735, 5737, 4760, 4903, 4541, 597, 7834, 19, 4543, 2355, 6506, 45, 3751, 19, 4308, 2877, 1, 1005, 4516, 1, 262, 5931, 19, 6822, 4484, 5479, NA, 4485, 
3914, 3200, 7428, 2646, 19, 4068, 1235, 3255, 4235, 522, 7834, 19, 4229, NA, 1, NA, 1262, 253, 5931, 19, 7989, 2506, 2714, 19, 4019, 1019, 4673, 7680, 6032, 497, 7834, 19, 7066, 5966, NA, 5369, 595, 7834, 19, 2957, 4025, 7287, 7835, 19, 860, 2617, 694, 2714, 19, 5579, 1196, 2714, 19, 1399, 2861, 3853, 7835, 19, 5440, 4417, 1729, 7739, 5463, 5653, 5462, 5, 5231, 7530, 3042, 19, 2874, 6378, 1, NA, 3452, 285, 5931, 19, 3111, 2717, 1722, 7550, 3042, 19, 881, 7007, 2714, 19, 5431, 5068, 2714, 19, 6973, 
7179, 3751, 19, 8069, 2875, 1, 1, 4394, 1, NA, 1167, 285, 5931, 19, NA, NA, NA, 7555, 3042, 19, 2746, 7995, 1897, 2104, 4799, 1, 358, 3037, 19, 7369, 3721, 2150, 1736, NA, 1736, 2264, 1736, 2281, 1651, 2789, 19, 6496, 7267, 7534, 3042, 19, 8204, 2728, 1, 1, 1, 1322, 5751, 1, 1, 1326, 278, 5931, 19, 868, 2549, 3941, 5577, 2714, 19, NA, 2548, NA, 2772, 631, 2714, 19, NA, 1110, NA, 1, 3035, NA, 4540, 6198, NA, 509, 7834, 19, 6619, 4660, 7331, 2407, 19, 5470, 2738, 2714, 19, 4263, 2853, 726, 2714, 19, 
7093, 2501, 2127, 4083, 7324, 2407, 19, 7015, NA, 5100, 631, 2714, 19, 6524, 1163, 2412, 5890, 5308, 5806, 8133, 7731, 7727, 576, 7834, 19, 6278, 4297, 7526, 3042, 19, 6994, 1482, 7545, 3042, 19, 1507, 1510, 7832, 5933, 512, 7834, 19, 7057, 5454, 6077, 7520, 3042, 19, 6972, 4633, 7181, 118, 3751, 19, 1198, 1191, 1, 7417, 1, 6706, 1, 3035, 1, 3035, 1, 3035, 7122, 1, 3035, 1604, 2789, 19, 7097, 4186, NA, 4614, 7071, 7571, 3042, 19, 1688, 2611, 1789, 726, 2714, 19, 1716, 2551, 729, 2714, 19, 4547, 7439, 
1, 3232, 6851, 287, 5931, 19, 755, 5404, 7078, NA, 7536, 3042, 19, 6778, 1373, 6324, NA, 3824, 3037, 19, 1384, 1, 3624, 4359, 3827, 3037, 19, 6556, 1263, 4238, 6560, 6545, 4279, 659, 2791, 19, 4384, 7306, 4727, 4726, 7154, 658, 2791, 19, 6971, NA, 119, 3751, 19, 2995, 5808, 5786, 3883, 2186, 4797, 3037, 19, 6548, 2711, 7803, 1, 7783, 1, 1522, 1, 1527, 410, 7834, 19, 752, 4399, NA, 7536, 3042, 19, 5915, 2422, 1, 7957, 6440, 1, 272, 5931, 19, 296, 2562, 696, 2714, 19, 8173, NA, 1, 1264, 5423, 1, 220, 
5931, 19, 8182, 7494, 6338, 3858, 1, 479, 7834, 19, 2699, 7997, 4620, 3801, 351, 3037, 19, 7246, 2736, 2048, 979, 2714, 19, 1717, 2848, 6229, 2714, 19, 3925, 6380, 1, 6855, 1, 6800, 278, 5931, 19, 5529, 4569, 2714, 19, 6779, 1374, NA, 6327, NA, 3825, 1, 380, 3037, 19, 5797, 2158, 1, 1489, 1, 2209, 1, 4115, 1, 2269, 1, 5230, 1, 2280, 1, 3314, 1, 2304, 1, 6287, 1654, 2789, 19, 6127, 7585, 7527, 3042, 19, 4466, 2658, 2806, 2812, 2800, 2804, 2801, 2588, 2891, 2654, 2890, 6210, 482, 7834, 19, 7725, 2643, 
3060, 7724, 2438, 4306, 2437, 3187, 8095, 7524, 3042, 19, 7867, 6538, 3964, 8218, 7343, 533, 7834, 19, 6977, 4634, 7180, 90, 3751, 19, 301, 4107, 1, 7060, 1, 6212, 1, 8091, 1, 5482, 1, 5426, 1, 3438, 1, 7061, 1, 7062, 1, 7063, 1, NA, 3268, 426, 7834, 19, 6993, 5111, 7979, 7505, NA, 3042, 19, 4106, 1061, 5206, 1, 3257, 260, 5931, 19, 299, 2923, 1, 4251, 6027, 4855, 4462, 1, 3563, 1, 6029, 6028, 1, 3047, 1, 4349, 6124, 458, 7834, 19, 6134, 6186, 1400, 6480, 6262, 3361, 3352, 7048, 7123, 2133, 688, 
2791, 19, 6092, 1, 1319, 1, 5629, 6613, 5772, 5754, 7880, 5768, 7879, 1, 4919, 1325, 1, 548, 7834, 19, 4103, 3153, 4469, 3854, 1, 331, 3037, 19, 884, 2852, 2063, 713, 2714, 19, 6402, 2612, NA, 2714, 19, 6765, 2743, 1, 5158, 4428, 434, 7834, 19, 782, 3968, 1123, 63, 3751, 19, NA, 8010, 6554, NA, 3822, 1, 355, 3037, 19, 3072, NA, 2714, 19, 5507, 3105, 2084, 2087, 726, 2714, 19, 7251, 5989, 4766, 7295, 662, 2791, 19, 6976, 7167, 5483, 4629, 3397, 48, 3751, 19, 5420, 3396, 7359, 712, 2714, 19, 3398, 
2756, 1837, 726, 2714, 19, 3443, 5328, 1, 1228, NA, 1, 3764, 256, 5931, 19, 8052, 4704, 1, 4669, 5205, 260, 5931, 19, 1521, 1037, 7692, 1, 5434, 4690, 5168, 5326, 5891, 6544, 4912, 1, 419, 7834, 7759, 1917, 1915, 2002, 1969, 1867, 1835, 7204, 1090, 1649, 2789, 19, 3266, 4059, 8110, 3224, 383, 3037, 19, 6108, NA, 5510, 696, 2714, 7808, 1026, 4178, 2033, 1920, 1821, 1831, 1907, 2096, 1823, 3037, 19, 6401, 3282, 3375, 2714, 19, 3386, 1163, 7399, 1, 4476, 447, 7834, 19, 1538, 2597, 3695, 6228, 6661, 
545, 7834, 19, 3394, 2754, 2714, 19, 2742, 1323, 5769, 5753, 7881, 5693, 3821, 1, 1, 361, 3037, 19, 8197, 2489, 2006, 2714, 19, 161, 4064, 7308, 6826, 1, 1448, 1013, 1, 1449, 1014, 1, 1454, 7600, 5592, 459, 7834, 19, 4714, NA, 1, 7228, 5516, 1, 1, 4930, 1, 1, 4404, 1, 1, 6442, 1, 265, 5931, 19, 3923, 3021, 2015, 717, 2714, 19, 5379, 4320, 7546, 3042, 19, 828, 4607, 106, 3751, 19, 7954, 6940, 4266, 5200, 4150, 3247, 1644, 2789, 19, 6530, 6589, 4102, 5721, 6710, 433, 7834, 19, 7249, 6804, 3707, 3751, 
19, 2793, 2197, 1, 4791, 7898, 246, 5931, 19, 3522, NA, 7230, 4884, 1, 4098, 3768, 1, 231, 5931, 19, 7283, 3973, 7466, 703, 2714, 19, 3423, NA, NA, NA, NA, NA, 7835, 19, 7349, 2730, 1, 7654, 1119, 1, 283, 5931, 19, 923, 3020, 5515, 2714, 19, 6724, 1387, 1388, 4753, 4821, 1, 1, 394, 3037, 19, 3747, NA, 1, 7070, NA, 1, 1, 243, 5931, 19, 2413, 2251, 3511, 2985, 7552, 3042, 19, 1689, 2755, 2714, 19, 5946, 1481, 7924, 4179, 4623, 675, 2791, 19, 8190, 1151, 2341, 5715, 5038, 6252, 516, 7834, 19, 7819, 
NA, 6500, 7268, 7309, 6487, 7884, 7552, 3042, 19, 2460, 4105, 3067, 4213, 4498, 4968, 403, 3037, 19, 6970, 5524, 2826, 4630, 7164, 6160, 4588, 3751, 19, 6902, 2757, 726, 2714, 19, 4510, 4029, 2407, 19, 7049, 69, 1, 6621, 1, 7899, 20, 1451, 1, 132, 1, 6453, 1630, 2789, 19, 1276, 1277, 5300, 7861, 5288, 5813, 497, 7834, 19, 1176, 2602, 7574, 2407, 19, 3491, 2598, 1420, 4573, 1421, 657, 2791, 19, 4438, NA, 1, 7361, NA, 1, 3776, 284, 5931, 19, 3104, 4654, 2131, 2352, 2131, 2353, 2131, 2354, 6944, 2131, 
2358, 6199, 3751, 19, 7492, 1172, 2394, 4985, 1, 5187, 1, 5877, 578, 7834, 19, 2507, 8007, 3344, 7501, 5654, 4216, 4811, 1, 331, 3037, 19, 2835, 8006, 5411, 7860, 3875, 4812, 1, 348, 3037, 19, 4684, 3618, 1511, 4926, 1, 327, 3037, 19, 4653, NA, NA, NA, NA, NA, NA, 1091, 7835, 19, 5176, 1237, 7403, 4602, 472, 7834, 19, 767, 3936, 51, 3751, 19, 8106, 8139, 1543, 5578, 7113, 5590, 5591, 2, 8067, 19, 7718, 4091, 4775, 726, 2714, 19, 163, 2692, 4487, 3287, 1, 5085, 1, 8227, 3145, 4218, 1, 5029, 1347, 
4228, 426, 7834, 19, 812, 7763, 131, 3751, 19, 785, NA, 3751, 19, 7719, 4137, 1, NA, 1, 1, 1, 8086, 273, 5931, 19, 1460, 6526, 4786, 8123, 1, 4226, 1, 1, 458, 7834, 19, 3278, 2971, 1995, 720, 2714, 19, 872, 3015, 8170, 719, 2714, 19, 3048, 7476, 5967, 3335, 3905, 532, 7834, 19, 4022, 3963, 4495, 5743, 1, 3269, 3799, 546, 7834, 19, 2349, 3054, 7162, 3427, 3751, 19, 798, 7912, 115, 3751, 19, 7915, 7933, 1134, 4240, 5092, 6504, 664, 2791, 19, 3214, 4062, 2714, 19, 2892, 1173, 2396, 5879, 7726, 5805, 
8135, 5742, 4765, 1, 578, 7834, 19, 6801, 2929, 6232, 3264, 3261, 3180, 326, 3037, 19, 3309, 26, 30, 34, 38, 41, 43, 44, 7566, 3042, 6204, 3016, 4781, 2714, 19, 761, 3928, 80, 3751, 3207, 5990, 1195, 5655, 5461, 7021, 6932, 658, 2791, 19, 8071, 5944, 4257, 2384, 1, 290, 5931, 19, 3283, 6787, 2071, 2714, 19, 302, 3017, NA, 960, 1663, 7380, 5114, 3532, 2714, 158, 1340, 7625, 1, 3584, 5005, 1, 497, 7834, 19, 7648, 4789, 7637, 5143, 5817, 6570, 497, 7834, 19, 7632, 7108, 6608, 7575, 2407, 19, 814, NA, 
96, 3751, 2990, 1, 1458, 7202, 8124, 1459, 1641, 2789, 19, 1294, 6697, 8036, 4211, 4814, 1, 376, 3037, 19, 3561, 2974, 6953, 1886, 5679, 719, 2714, 19, 1287, 4058, 4887, 954, 986, NA, 989, 983, 996, 955, 3815, 317, 3037, 19, 6969, 2827, 4637, 7159, 1095, 3703, 4588, 3751, 19, 6631, 27, 1, 5316, 1735, 31, 1, 5269, 1735, 35, 1, 6460, 1735, 39, 1, 6783, 1735, 42, 1, 1296, 1292, 1612, 2789, 19, 8120, 5624, 7499, 3305, 5124, 3370, 600, 7834, 19, 6856, 3534, 1346, 1339, 1512, 537, 7834, 19, 2528, 1201, 
5107, 1, 1, 7958, 1, 1604, 2789, 19, 7311, NA, 5318, 6814, NA, 3042, 19, 2462, 6672, 1, 1, 5335, 1, 1, 8188, 1, 1, 6242, 1, 1, 1, 1, 1, 1, 1583, 2789, 19, 3606, NA, 7536, 3042, 19, 300, 6614, 5631, 1818, 2714, 19, 2638, 7996, 3486, 6437, 4761, 339, 3037, 2837, 7425, 6006, 7335, 1639, 2789, 19, 3201, 2482, 2714, 5982, 1033, 5346, 1667, 6673, 658, 2791, 19, 3219, 4713, 5040, 956, 959, 958, 957, 319, 3037, 19, 2829, 3256, 7825, 2407, 19, 1680, 5128, 2714, 19, 3039, 1105, 4145, 1, 3040, 1, 6834, 660, 
2791, 19, 6132, 6590, 7845, 5703, 8031, 4802, 1, 358, 3037, 19, 1157, 6044, 2388, 5604, 1735, 1764, 1738, 6051, 6053, 6505, NA, 5668, 6398, 8130, 19, 2526, 1192, 1, 4352, 1, 4402, 415, 7834, 19, 3526, 3533, 1024, 1479, 1141, 475, 7834, 19, 7242, 1298, 1, 1, 5073, 3171, 289, 5931, 19, 6016, 6159, 1098, 1, 5665, 1, 3035, 5334, 1, 6657, 1, 3035, 5504, 1, 3035, 5666, 2161, 1598, 2789, 19, 5892, 4646, 5773, 4199, 5314, 6396, 513, 7834, 19, 3607, 2978, 6688, 3365, 6320, 4408, 573, 7834, 19, 1315, 2693, 
1, 3035, 5090, 1, 3035, 6341, 1, 6990, 7960, 4224, 470, 7834, 19, 903, 8051, 4392, 2714, 19, 6297, 1015, 1736, 1478, 1736, 1369, 1736, 1179, 1736, 1466, 1525, 2789, 19, 3942, 3001, 5140, 5815, 6569, 5741, 497, 7834, 19, 3313, 4643, 7173, 6720, 3051, 4841, 7139, 6668, 6667, NA, 3751, 19, 4275, 1293, 4444, 5000, 377, 3037, 19, 3285, 5983, 1411, 6030, 629, 2714, 19, 3206, 3477, 5443, 4822, 1, 397, 3037, 19, 885, 4415, 2714, 19, 1289, 1, 5623, 1, 4314, 1, 4316, 1, 8193, 1, 6026, 458, 7834, 19, 3392, 
NA, NA, 2076, 2714, 19, 5951, 5070, 1, 7192, 7961, 285, 5931, 19, 1283, 6741, 1, 3689, 1, 1, 1553, 1, 6399, 1, 1612, 2789, 19, 3218, 4034, 5871, 3345, 1, 377, 3037, 19, 6080, 1286, 7341, 8037, 4999, 1, 1, 377, 3037, 19, 304, 3028, 1911, 2714, 19, 157, 2922, 1, 5317, 1, 6687, 1, 4990, 1, 7115, 582, 7834, 19, 6618, NA, 1130, 4358, 6459, 3037, 19, 6988, 7168, 4656, 3708, 79, 3751, 19, 5177, 7041, 4734, 4735, 3383, 1, 3035, 1, 3035, 1, 3035, 1, 3035, 1, 3035, 1, 3035, 1, 1659, 2789, 19, 3174, 1, 1099, 
1, 3992, 1, 8236, 1544, 2789, 19, 904, 2478, 7129, 2714, 19, 7082, 3034, 1, 1219, 6438, 1, 259, 5931, 19, 5977, 5059, 4854, 3859, 320, 3037, 19, 4094, 3027, 3304, 2039, 719, 2714, 19, 5722, NA, 6884, 5060, 5012, 6292, 384, 3037, 19, 5894, 2534, 7448, 4318, 1199, 311, 3037, 19, 753, 1100, 7594, 1528, 1661, 1547, 1539, 7552, 3042, 19, NA, 2712, NA, 3954, 495, 7834, 19, 3385, 1, 6078, 1, 4763, 7373, 1, 6860, 452, 7834, 19, 7604, 8167, 1, 1025, 1, 1, 1, 6719, 1, 5343, 4751, 6734, 1, 1, 1, 1, 1, 1, 1032, 
1, 1585, 2789, 19, 3220, NA, 1742, NA, 1742, NA, 1742, NA, 1742, NA, 1742, NA, 1742, NA, 7561, 3042, 19, 7828, 1039, 4689, 3788, 3037, 19, 4419, 4036, 7627, 7799, 555, 7834, 19, 1686, 4340, 5478, NA, 2714, 19, 3258, 7442, 6375, 5663, 497, 7834, 19, 796, 6126, 1121, 6679, 124, 3751, 19, 3472, 5558, 4710, 4813, 1698, 318, 3037, 3208, 2505, 4773, 2714, 19, 7095, 1122, 7920, 2240, 7671, 2753, 1120, 5526, 643, 2791, 19, 7241, 4066, 7351, 4472, 5044, 345, 3037, 19, 4718, 926, 6079, 930, 7350, 933, 5028, 
928, 934, 1, 398, 3037, 19, 6968, 6760, 6887, 3377, 3751, 19, 894, 2928, 5270, 718, 2714, 19, 5953, 3524, 7237, 3717, 2147, 974, 2714, 19, 6617, 1135, 7187, 3754, 5545, 5537, 7949, 2345, 2346, 2347, 6873, 658, 2791, 19, 7105, 8232, 7737, 6888, 5538, 4865, 1251, 7451, 1216, 4755, 3263, 6684, 5430, 6178, 4166, 7279, 648, 2791, 19, 5490, 8142, 4072, 1, 3762, 232, 5931, 19, 8044, 2947, 4787, 1939, 2714, 19, 8092, 4131, 5126, 6955, NA, 1, 403, 3037, 19, 6017, 2227, NA, 7835, 19, 6846, 5984, 5057, 1285, 
373, 3037, 19, 5828, 4659, 7573, 2407, 19, 3519, 3755, 3656, 4345, 6542, 19, 887, 7120, 1887, 1885, 719, 2714, 19, 826, 3410, 3683, 111, 3751, 19, 199, 4591, 2714, 19, 4785, 1, 6512, 6633, 1, 4455, 1, 4460, 458, 7834, 19, 6983, 7178, 5573, 7580, 5512, 4655, 1404, 3751, 19, NA, 5243, NA, 1, NA, 519, 7834, 19, 2229, NA, 3189, 6542, 19, 2218, 1, 6728, 1, 5103, 4155, 1, 1, 7296, 1, 1101, 1643, 2789, 19, 1133, 6567, 5050, 7606, 7116, 1132, 170, 1, 310, 3037, 19, 1713, 2483, 2034, 994, 2714, 19, 1580, 
4647, 6196, 3881, 4890, 497, 7834, 19, NA, NA, 6476, 8038, 497, 7834, 19, 200, 3133, 2714, 19, 6652, 6043, 1, NA, NA, 1, 216, 5931, 19, 6451, 7641, 6473, 2372, 7396, 532, 7834, 19, 6426, 7299, 6098, 5664, 6680, 3751, 19, 5636, 4520, NA, 7930, NA, 285, 5931, 19, 3267, 5566, 2714, 19, 879, 2903, 2036, 2714, 19, 4055, 1, 7937, 1, 1, 1136, 2845, 1, 7911, 1, 1659, 2789, 19, 8073, 3653, 3660, 5551, 6542, 19, 795, NA, 3751, 19, 7375, 7469, 1, NA, NA, 1, 224, 5931, 19, 148, NA, 2714, 19, 2231, 4193, 1, 1, 
1, 1, 6666, 1, 1, 3779, 1, 1, 3347, 1624, 2789, 19, 2972, 7302, 3699, 640, 2714, 19, 3421, 2348, 7736, 5179, 4737, 5502, 6926, 658, 2791, 19, 769, 8184, NA, 3751, 19, 4063, 1, 931, 929, 935, 927, 932, 1, 357, 3037, 19, 5755, 1486, 5169, 1737, 1349, 2787, 2771, 1737, 1462, 6019, 1737, 1218, 4518, 1737, 1344, 5469, 1737, 1351, 3114, 1737, 1279, 3569, 1737, 1215, 3303, 1737, 1250, 5575, 688, 2791, 19, 817, 3093, 133, 3751, 19, 7182, 3157, 2344, 66, 3751, 19, 5706, 6743, 1377, 4861, 3751, 19, 5657, 5677, 
6691, 7552, 3042, 19, 856, NA, 1979, 2714, 19, 6880, 6629, 5489, 7552, 3042, 19, 7016, 6984, 3967, 5513, 3710, 58, 3751, 19, 854, 1406, 2714, 19, 6349, 2509, 5347, 7551, 3042, 19, 194, NA, 2778, 719, 2714, 19, 8138, 7744, 7315, 2407, 19, 4114, 1, NA, NA, 3828, 3037, 19, 2921, 3958, 3751, 19, 7346, NA, 1, 7587, 1220, 1, 255, 5931, 19, 196, 6004, 1947, 2714, 19, 5521, 2823, 4778, 625, 2714, 19, 2535, 4088, 4329, 3804, 1, 331, 3037, 19, 792, 1204, 7746, 7126, 1670, 136, 3751, 19, 5403, 2934, 6775, 2714, 
19, 7253, 6381, 6640, 6703, 3441, 4746, 688, 2791, 19, 848, 2969, 7146, 2714, 19, 3614, 6226, 4212, 7138, NA, 3536, 5682, 405, 3037, 19, 4016, 5979, 4732, 4936, 393, 3037, 19, 1668, 3014, NA, 2714, 19, 807, 6937, 60, 3751, 19, NA, 1, NA, 1, 4672, NA, 1603, 2789, 19, 4599, NA, 3759, 1734, NA, 6182, 5182, 1734, NA, 3248, 5611, 1734, NA, 5934, NA, 5120, 1734, NA, 6682, 5189, 1734, NA, 5607, 5596, 7276, 7553, 3042, 19, 1085, 6590, 7844, 3617, 6511, 1, 1, 1, 358, 3037, 19, 784, 3725, 91, 3751, 4085, 7998, 
4823, 1921, 2009, 1925, 2020, 1942, 1877, 2011, 1924, 1967, 3037, 19, NA, NA, NA, 5670, NA, 1650, 2789, 19, 5642, 7906, 6842, 1, 5338, 4953, 1, 7748, 4008, 1584, 2789, 19, 2696, 6013, 4809, 5066, 3884, 3037, 19, 6499, 3448, 6939, 4583, 5759, 4580, 5757, 3700, 1180, 661, 2791, 19, 7856, NA, 4280, 47, 2381, 924, 6542, 19, 8229, 1, 7191, 2376, 2377, 2375, 1, 3711, 2379, 2378, 5899, 1618, 2789, 19, NA, 1093, 5747, 4962, 493, 7834, 19, 6128, 1194, 1, 7791, 1, 6465, 415, 7834, 19, NA, 5224, 6735, 3692, 
NA, 583, 7834, 19, 6985, NA, 1, NA, 7044, 1, 277, 5931, 19, 6653, 6184, 3092, 1732, NA, 1732, NA, 1732, NA, 1732, NA, 1732, NA, 1732, NA, 1732, NA, 1732, NA, 1732, NA, 1732, 3984, 3751, 19, 4705, 7112, 1, 1, 1, 3953, NA, NA, 1, 8163, 277, 5931, 19, NA, NA, 1376, NA, 2910, 663, 2791, 19, 902, 3031, 5448, 6699, 2068, 2714, 19, 293, 3018, 2714, 19, 2691, 7398, 5740, 6330, 536, 7834, 19, 786, 1442, 7291, 3308, 6945, 82, 3751, 19, 3488, 1152, 4987, 3855, 1, 370, 3037, 19, 3236, 6010, 719, 2714, 19, 6992, 
2616, 1038, 4834, 610, 2714, 19, 4139, 1183, 5882, 6470, 526, 7834, 19, 2986, 1461, 2245, 4849, 7210, 7288, 7806, 587, 7834, 19, 4551, 1849, 1866, 2078, 2079, 1822, 1949, 1794, 2123, 2956, 7560, 3042, 19, 763, 6149, 94, 3751, 19, 7823, 2935, 630, 2714, 2235, 8065, 4946, 6036, 1397, 7418, 1637, 2789, 19, 3098, 3013, 718, 2714, 19, 5686, 4194, 7552, 3042, 19, 3108, 2615, 3939, 5416, 609, 2714, 19, 6565, 8048, 7795, 4610, 6387, 4917, 605, 7834, 19, NA, 2794, 1, 1266, NA, 280, 5931, 19, 3613, 7768, 8035, 
4214, 1, 4910, 377, 3037, 19, 3165, 4044, 5718, 3780, 3820, 520, 7834, 19, 7144, 2976, 4995, 2276, 4156, 1, 573, 7834, 19, 766, 3726, 92, 3751, 19, 3152, 2421, 1, 6248, 1, 3770, 1, 1, 285, 5931, 19, 863, 3150, 2714, 19, 3005, 8012, 3481, 4496, 5061, 1453, 1, 378, 3037, 19, 3643, 7910, 5235, 5920, 3353, 1, 1, 387, 3037, 19, 6874, 1051, 5638, 1046, 1053, 641, 2791, 19, 190, 3736, 3312, 2043, 2714, 19, 5228, 1200, 7780, 1, 5459, 1, 5652, 478, 7834, 19, 2977, 1096, 1, 5043, 1, 3325, 445, 7834, 19, 4060, 
8004, 4897, 3813, 377, 3037, 19, 864, 4530, 5046, 2714, 19, 7963, NA, 1, 1, NA, 1, 7843, 285, 5931, 19, 909, 2640, 4418, 694, 2714, 19, 5897, 7111, 6809, 3372, 6136, 2644, 686, 2791, 19, 5916, 2624, 2714, 19, 836, 4276, 1, 7347, 7552, 3042, 19, 4295, 5943, 1, NA, 1, 1, 4605, 1, 4592, 225, 5931, 19, 4021, 1028, 3636, 5345, 4795, 3037, 19, 3387, 2626, 704, 2714, 19, 3234, 2943, 2714, 19, 4043, 1311, 5676, 6190, 1, 6883, 1, 4416, 1, 4918, 6639, 521, 7834, 19, 888, 2561, 1988, 2714, 19, 1265, 4302, 7552, 
3042, 19, 844, 3032, 719, 2714, 19, 3346, 2625, NA, 608, 2714, 19, 6081, 2725, 1, 1, 6658, 1, 1, NA, 1, 1, 6620, 1633, 2789, 19, 5669, 2151, 1, 3175, 2200, 1, 6632, 2258, 1, 6897, 2290, 1, 1515, 2307, 1, 7257, 1653, 2789, 19, 4082, 1, 6523, 8164, 8166, 3329, 1, 6711, 1, 6725, 412, 7834, 19, 2652, NA, 1, 1182, 1, 8109, 268, 5931, 19, 2697, 2234, 1221, 1649, 2789, 19, 3151, 2420, 1, 3326, 1, 3771, 1, 1, 7136, 285, 5931, 19, 914, 3149, 714, 2714, 19, 6866, 2936, 1828, 719, 2714, 19, 4026, 1165, 5714, 
6189, 5557, 5233, NA, 3367, 550, 7834, 19, 1274, 2843, 5410, 5056, 3810, 564, 7834, 19, 3658, 5561, NA, 7552, 3042, 19, 866, 2479, 2714, 19, 305, 6563, 6432, 2072, 2714, 19, 6139, 6280, 67, 3751, 19, 7103, 5960, 7401, 3898, 4835, 497, 7834, 19, 5939, 2681, 5415, 5959, 3861, 564, 7834, 19, 4198, 5988, 2714, 1683, 2613, 2714, 19, 197, 2944, 2714, 19, 1113, 6044, 5236, 5603, 1735, 1763, 1738, 6050, 6055, 6505, NA, 5668, 6398, 8130, 19, 7980, 2371, 4847, 2862, 7005, 469, 7834, 19, 6503, 4609, 1556, 2871, 
5439, 2872, 6014, 7552, 3042, 19, 7458, 3254, 4612, 4595, 4941, 3901, 1, 401, 3037, 19, 5875, 4598, 8032, NA, 4615, 4818, 1, 375, 3037, 19, 2535, 8008, 3480, 6543, 3806, 1, NA, 3037, 19, 5639, 3019, 981, 2714, 19, 892, 3024, 8099, 2714, 19, 878, 2622, 5084, 975, 3436, 2714, 19, 1297, 7703, 3748, 7563, 3042, 19, 1712, 2942, 952, 2714, 19, 8222, 6383, 3934, 7556, 3042, 19, 3115, 5701, 8101, 719, 2714, 19, 5198, 7848, 3324, 1, 5846, 462, 7834, 19, 865, 3163, 1951, 2714, 19, 8093, 5560, 5594, 2714, 19, 
1295, 5796, 4355, 7790, 4815, 1, 1, 377, 3037, 19, 3590, 3621, 6797, 4304, 4310, 6810, 408, 3037, 19, 3075, 3650, 1, 1, 1, 1205, 1, 1, 1, 7077, 1, 1, 3704, 1652, 2789, 19, 7372, 3469, NA, 1838, 726, 2714, 19, NA, 1375, 6327, NA, NA, 4820, 1, 314, 3037, 19, 3578, 7479, 6731, 3580, 4874, 3890, 574, 7834, 19, 1282, 4715, 1, 3035, 4707, 2215, 2216, 2220, 2222, 8186, 4817, 1, 492, 7834, 19, 6831, 4130, 5694, 8108, 4794, 1, 403, 3037, 19, 6123, 5212, 2714, 19, NA, 2681, 5414, 3373, 3862, 3723, 497, 7834, 
19, NA, 1356, 6555, NA, 5325, 5324, 3037, 19, 4168, NA, 7893, 5340, 3749, 3876, 602, 7834, 19, 6222, 1, 3062, 1, 7010, 1, 7582, 1, 8111, NA, 1, 7250, 1, 6435, 1, 3035, 1, 3035, 1, 3035, 1, 3035, 1, 5400, 1, 3035, 1, 3035, 5402, 1, 3035, 1, 3035, 1, 1, NA, 1, 1621, 2789, 19, 198, 2847, 5183, 712, 2714, 19, 6363, NA, 1, NA, 4159, 1, 6689, 275, 5931, 19, 886, 2946, 992, 3433, 6727, 2714, 19, 2428, 6223, 7781, 6656, 7307, 518, 7834, 19, 911, 2675, 6696, 2714, 19, 3560, 5245, 7950, 7529, 3042, 19, 6757, 
5223, 3871, 601, 7834, 19, 5393, 7079, 1, 4695, 1, NA, 1, 1745, 6660, 1, 1, 7849, 1, 1745, 7130, 1, 7905, 1, 1, 1613, 2789, 19, 4033, 6281, 1288, 4828, 7605, 1581, 2789, 19, 900, 3023, 2714, 19, 3076, 5948, 1, 1, 2391, 6065, 2390, 6321, 1, 1, 5996, 219, 5931, 19, 3739, 6732, 8027, 4363, 3795, 1, 1, 377, 3037, 19, 919, 5213, 719, 2714, 19, 891, 2621, 973, 4986, 694, 2714, 19, 7261, 1050, 5290, 1, 5792, 1, 6037, 1, 5804, 1, 3562, 1, 2244, 1, 1, 1588, 2789, 19, 1549, 2325, 6261, 7521, 3042, 19, 1284, 
987, 1740, 948, 1740, 947, 2789, 19, 4132, 3633, 5337, 4793, 3037, 19, 1718, 2620, 739, 2714, 19, 6781, 3025, 2022, 2714, 19, 6431, 2301, 4997, 6430, 497, 7834, 19, 7345, 7419, 7722, 7925, 1657, 2789, 19, 6249, 5211, 2714, 19, 876, 2302, 2714, 19, 839, 3164, 1872, 1953, 2714, 19, 3404, 2979, 3468, 6446, 6733, 3896, 511, 7834, 19, 5153, 1278, 1, 2645, 1, 5320, 1, 4742, 1649, 2789, 19, 6368, NA, 2714, 19, 2639, 6950, 4688, 5167, 3789, 1, 309, 3037, 19, 1057, 5150, 3852, 526, 7834, 19, 4584, 1338, NA, 
3515, 497, 7834, 19, 6213, 1, 3611, 1, 7109, 1, 1, 1, 1, 1, 1, 1, 7386, 1658, 2789, 19, 3202, 4092, 721, 2714, 19, 6366, 3557, NA, 722, 2714, 19, 5567, 2519, 1, NA, 4435, 5273, 1, 4453, 412, 7834, 19, 3293, 5125, 3559, 976, 716, 2714, 19, 6989, 2641, 743, 2714, 19, 7266, NA, 2714, 19, 2340, 7583, 2336, 1734, 2337, 1734, 2338, 1734, 7133, 3705, 3751, 19, 5499, NA, 5137, NA, 3888, 564, 7834, 19, 4057, 8005, 3181, 8026, 3811, 1, 379, 3037, 19, NA, NA, 2774, 712, 2714, 19, 8084, 2796, 1, 6394, NA, 246, 
5931, 19, 3520, 3646, 1, 1271, 3769, 1, 245, 5931, 19, 6326, 7740, NA, 1371, 6913, 668, 2791, 19, 779, 1391, 95, 3751, 7081, 7201, 4721, 1280, 1643, 2789, 19, 6358, 3030, 1894, 719, 2714, 19, 867, 2813, 1946, 2714, 19, 8021, 4719, 3042, 19, 895, 2919, 4524, 2714, 19, 3738, 4450, 4457, 3795, 1, 349, 3037, 19, 7072, 2865, 1, 1077, 3772, 1, 3740, 1, NA, 5931, 19, 5497, 2841, 5284, 7685, 3907, 497, 7834, 19, 830, 4535, 6754, 108, 3751, 19, 6756, 2681, 8210, 7833, 3902, 517, 7834, 19, 883, 2950, 7711, 
719, 2714, 19, 3005, 8011, 3496, 5911, 1452, 1, 392, 3037, 19, 7102, 8171, 7537, 3042, 19, 3517, 5097, 3493, 4804, 1, 332, 3037, 19, 805, 6999, 134, 3751, 19, 1676, NA, 2714, 19, 8207, 3464, 4951, 564, 7834, 19, 2535, 8009, 1958, 1944, 3323, 1, NA, 3037, 19, 5438, NA, 2714, 19, 8169, 4017, 4188, 3465, 6839, 4933, 506, 7834, 19, 819, 6264, 112, 3751, 19, 6093, 5727, 3657, 4319, 2219, 6647, 4322, 8030, 4379, 343, 3037, 19, 804, NA, 3751, 19, 1316, 8049, 6372, 1, 1075, 1, 3302, 461, 7834, 19, 3994, 
2941, 2042, 726, 2714, 19, 1, 2970, NA, 2714, 19, 8088, 3512, 4996, 5098, 526, 7834, 19, 4135, 6164, 6165, 1474, 7529, 3042, 19, 5505, NA, 2714, 19, NA, NA, 2041, 712, 2714, 19, 5895, 5838, 4423, 3860, 1, 349, 3037, 19, 859, 2920, 6427, 2714, 19, 6115, 1441, 1, NA, 3063, 3270, 7529, 3042, 19, 5074, 4717, 1841, 1542, 7552, 3042, 19, 3931, 3509, 5869, 966, 2714, NA, 1354, NA, NA, 6558, 5131, 6927, 665, 2791, 19, 3616, 6844, 1197, 4617, 4164, 652, 2791, 19, 3328, 2939, 719, 2714, 19, 850, 1268, 6346, 
2714, 19, 6364, 3500, 5770, 5767, 5750, 5749, 3682, 7878, 3574, 665, 2791, 19, 7304, 3977, 833, 1781, 2714, 19, 6577, 3071, 8178, 5588, 4448, 4116, 1, 354, 3037, 19, 2510, 2327, 6311, 3080, 737, 2714, 19, 4007, 1, 1, 1484, 7446, NA, 3785, 5468, 7865, 7578, 2789, 19, 809, 6946, 135, 3751, 19, 5359, 5362, 1702, 1010, 1703, 6916, 1704, 6912, 1705, 5745, 7697, 4184, 649, 2791, 19, 8074, 5127, 709, 2714, 19, 6681, 6044, 5649, 5602, 1735, 1770, 1738, 6049, 6056, 6505, NA, 5668, 6398, 8130, 19, 4057, 8003, 
4364, 4932, 3811, 1, 382, 3037, 19, 869, 2568, 5386, 2714, 3082, 2512, 970, 2004, 2714, 19, 4603, 2191, 6837, 7789, 2648, 3850, 606, 7834, 19, 5898, 1338, NA, 4757, 5298, 4528, NA, 497, 7834, 19, 7493, 2833, 4149, 6676, 4568, 497, 7834, 19, 6260, 5964, 5375, 494, 7834, 19, 1137, 1139, 4830, 7826, 4701, 4488, 465, 7834, 19, NA, 3012, 1955, 951, NA, NA, 937, NA, 6739, NA, NA, NA, 613, 2714, 19, 847, 6003, 978, 719, 2714, 19, 6406, 7633, 3378, 7793, 4825, 1, 313, 3037, 19, 4683, 6002, 726, 2714, 3502, 
1405, 5310, 8066, 2854, 5651, 6931, 665, 2791, 19, 152, 3535, 5083, 7209, 5550, 719, 2714, 19, 5422, 5367, 5366, 1, 6209, 1, 6648, 1, 1625, 2789, 19, 3342, 5952, 6925, 5417, 1241, 4731, 3369, 666, 2791, 19, 1696, 3976, 1957, 726, 2714, 19, 5151, 5157, 3870, 7567, 3042, 19, 7971, 5226, 1, 4386, 1, NA, 5798, 451, 7834, 19, 915, 2822, 4255, 712, 2714, 19, 3064, 5958, 4380, 4979, 1, 347, 3037, 19, 3000, 8002, 3628, 2189, 4957, 3812, 1, 389, 3037, 19, 1524, 2623, NA, 2714, 19, 3399, 3978, 712, 2714, 19, 
6828, 1202, 1578, 7552, 3042, 5991, 6584, 5184, 5812, 7506, 1436, 677, 2791, 19, 1103, 7370, 7743, 4037, 741, 2714, 19, 3732, NA, 1, 2790, 3766, NA, NA, 5931, 19, 1665, 2633, 6391, 2714, 19, 857, 7721, 4254, 1798, 2714, 19, 4065, 1455, 4989, 3886, 499, 7834, 19, 3445, 1, 7478, 4901, 3194, 6829, 5079, 3424, 1, 582, 7834, 19, 6434, 5467, 6231, 7708, 3184, NA, 3712, 88, 3751, 19, 6582, 4183, 7107, 7080, 6288, 6024, 8041, 5917, 7564, 3042, 19, 5311, 2940, 8001, 1909, 2714, 19, 2994, 7076, 4991, 3909, 
504, 7834, 19, 7716, 3920, 950, 4175, 4174, 4173, 726, 2714, 19, 6858, 5312, 7552, 3042, 19, NA, 6097, 7497, NA, 463, 7834, 19, 6759, 1456, 7392, 6838, 8122, 490, 7834, 19, 3982, 2629, 2714, 19, NA, NA, NA, NA, 1469, 1, 1, 1, 1, 6893, 1518, 1, 558, 7834, 19, 150, 1443, 1444, 5932, 7516, 3042, 19, 840, 3011, 2714, 19, 5630, 7966, 1255, 4893, 7862, 497, 7834, 19, 3279, NA, 738, 2714, 19, 6600, NA, 5099, 4171, 2714, 19, 1714, 2634, 726, 2714, 19, 803, 6510, 5585, 4222, 7986, 3751, 19, 6156, 4347, 4891, 
702, 2714, 19, 6532, 4426, 1, 1660, 5001, 1, 244, 5931, 19, 5197, 5975, 8209, 4945, 3911, 1, 5299, 422, 7834, 19, 6501, 7478, 1, 8191, 1, 5552, 6486, 1, 582, 7834, 19, 6591, NA, 995, 2714, 19, 3940, 28, 1, 7508, 32, 1, 3598, 36, 1, NA, 40, 1, 3735, 1606, 2789, 19, 3100, 3483, 1488, 7500, 3593, 6921, 669, 2791, 19, 3212, 1833, 726, 2714, 19, 1128, 2303, 2407, 19, 7151, 5945, 1, 3745, 1112, 253, 5931, 19, 1260, NA, NA, 5661, 6407, NA, 7387, 5190, 1259, 6239, 689, 2791, 4666, 1394, 7208, 6764, 1392, 
1648, 2789, 19, 2329, 4189, 3470, 5477, 4944, 497, 7834, 19, 2786, 2499, 7447, 2714, 19, 5419, 1357, 7424, 7523, 3042, 19, 307, 2966, 7147, 2714, 19, 5141, 1, 5139, 1, 7596, 5142, 7747, 8172, 4743, 1, 1, 1634, 2789, 19, 780, 3407, 3751, 19, 8104, NA, 7224, 1, 1, 3121, 3777, 1, 1, 230, 5931, 2834, 7203, 1270, 6603, 7896, 5296, 1269, 1649, 2789, 19, 204, NA, 2040, 2714, 19, 3294, NA, 3131, 732, 2714, 19, 5435, 1027, 5341, 5037, 5336, 5078, 7051, 5481, 7240, 7118, 471, 7834, 19, 4693, 1, 1301, 7816, 
1, 8054, 1, 274, 5931, 19, 8159, 4267, 3751, 19, 6151, 2927, 146, 5272, 719, 2714, 19, 7489, 1437, 7586, 1, 4452, 1, 5023, 6586, 6418, 429, 7834, 19, 4277, 3299, NA, 2714, 19, 4596, 6382, 1, 1, 6742, 1, 8105, 273, 5931, 1567, 1564, 1989, 1990, 1790, 1881, 2105, 2035, 2032, 2115, 2029, 1971, 1827, 1964, 1966, 1870, 2122, 2060, 1994, 1883, 1877, 1913, 1950, 2054, 2091, 1884, 1701, 1570, 1568, 497, 7834, 1566, 1564, 1973, 1940, 2061, 1972, 1783, 1824, 2007, 1820, 1905, 1916, 1904, 2106, 1903, 2003, 
NA, 2018, 1965, 1968, 2024, 1850, 1831, 2118, 1963, 1906, 1927, 2053, 2119, 1701, 1568, 1569, 497, 7834, 19, 1723, 2490, 3286, 2714, 1565, 1564, 2038, 1779, 1892, 1788, 1701, 1570, 1569, 497, 7834, 19, 5658, 2513, 2714, 19, NA, 6371, 1, 3359, 1, 1, NA, 261, 5931, 1004, 5218, 7337, 7157, 1071, 7835, 19, 1208, 5333, 2433, 7621, 7620, 7622, 7559, 3042, 19, 7959, 3724, 1, 5104, 1, 4542, 285, 5931, 19, 1361, 4203, 1, 5418, 1, 1, 6170, 3095, 1634, 2789, 19, NA, 3026, 8096, 1, NA, 7352, 2089, 2714, 19, 
6758, 2909, 6452, 4740, 7699, 665, 2791, 19, NA, NA, 1, 1, 1, 4265, 1, 1, 1, 8103, 1, 1645, 2789, 19, 6216, 1, 5220, 1, 3141, 1, 5972, 1, 451, 7834, 19, NA, 1, 2830, 7400, 1, NA, 5724, 3872, 1, 437, 7834, 19, 201, 4099, 5254, 7280, 719, 2714, 19, NA, 1, NA, 2077, NA, NA, 1, 322, 3037, 19, 842, 2963, 4445, 1847, 719, 2714, 19, 4122, 5870, 6116, 4303, 3817, 339, 3037, 19, 746, 8129, 1724, 7517, 3042, 19, 3987, 1211, 1, 1207, 1, 4739, 1605, 2789, 19, 2576, NA, 1, NA, 1, 4264, 242, 5931, 19, 4606, 4692, 
3086, 4974, 4242, 7217, 467, 7834, 19, 778, NA, 7000, 1532, 6798, 7829, 5845, 73, 3751, 19, 6011, 6641, 6692, 7264, 2770, 646, 2791, 19, 5348, 2949, 2714, 19, 17, 2925, 2714, 19, 1692, 2491, 5929, 2714, 19, 2930, NA, 3620, 4361, 7262, 1, 377, 3037, 19, 7281, NA, 3144, 2714, 19, 5216, 1066, 4234, 3910, 543, 7834, 19, 5687, 3490, 5688, 5689, 1299, 681, 2791, 19, 4566, 4187, 4920, 6475, 4565, 502, 7834, 19, 793, 6930, 6154, 5923, 75, 3751, 19, 18, 5868, 719, 2714, 19, 920, 3142, 696, 2714, 19, 193, 
2628, 694, 2714, 19, 7847, NA, 1, 1446, 1, 5067, 1447, 228, 5931, 19, 3119, 3422, 5839, 5814, 4750, 667, 2791, 19, 8045, 7660, 2324, 2323, 2316, NA, 2317, 2318, 2320, 2319, NA, 2321, 2322, 4550, 3751, 19, 6273, 3965, 3081, 6313, 1671, 6135, 655, 2791, 19, 3701, 5401, 2614, 2714, 19, 745, 4294, 5250, 7515, 3042, 19, 7069, 5736, 5739, 5009, 497, 7834, 19, NA, 1, 1074, NA, 4978, 437, 7834, 19, 4268, 1258, 7689, 6594, 6595, 5292, 5293, 1, 1, 1, 7695, 439, 7834, 19, 749, 4691, 7514, 3042, 19, 3186, 2389, 
1, 6277, 7797, 1, 1, 217, 5931, 19, 7853, 1, 7421, 1, 6319, 1, 3084, 1, 3090, 1, 1629, 2789, 19, 3663, 2627, 2775, 3197, 726, 2714, 19, 8098, 1403, 1908, 1923, 3832, 377, 3037, 2751, 1, 6766, 1483, 4526, 1642, 2789, 19, 7983, 2945, 2714, 19, 820, 6155, 5633, 57, 3751, 19, 3348, 2965, 2714, 19, 5217, 1067, 1, 2705, 1, 2704, 7842, 3916, 1069, 7835, 19, 6161, 2749, 3623, 4324, 4972, NA, 3037, 19, 7033, 2524, 7404, 4501, 8097, 3697, 1, 481, 7834, 19, 7381, 2126, 2124, 2125, 1614, 2789, 19, 5271, 3538, 
8024, 719, 2714, 19, 1115, 3644, 4858, 1, 328, 3037, 19, 6015, 4075, 1, 6852, 4253, 1, 7134, 248, 5931, 19, 908, 3033, 2714, 2596, 1, 6323, 4928, 1302, 1642, 2789, 19, 4076, 8000, 3638, 4412, 7700, 1, 406, 3037, 19, 2749, 3485, 4971, 1, 346, 3037, 19, 8070, 2472, 2714, 19, 2989, 4816, 4365, 4711, 377, 3037, 19, 191, 6609, 121, 3751, 19, 4056, NA, 3753, 4994, 7827, 1, 465, 7834, 19, 7388, 8149, 3684, 5052, 4208, 1330, 4608, 3783, 2221, 7830, 8022, 2217, 6654, 5525, 5390, 87, 3751, 19, 845, 2567, 3052, 
729, 2714, 19, 7482, 7075, 4950, 5069, NA, 564, 7834, 19, 6857, 2595, 7407, 4888, 486, 7834, 19, 1429, 7742, 29, 1, 7073, 1, 33, 7876, 1, 25, 1, 7235, 1, 2789, 19, 5609, 8148, 3176, 6429, 5006, 4217, 4975, 8023, 6659, 3782, 3137, 5656, 7239, 3751, 19, 8113, 1, 1367, 1, 1, 6419, 1, 1, 1, 7135, 276, 5931, 19, 4202, 1, 6576, 1, 7100, 1, 5392, 1, 1359, 1, 5064, 1557, 1619, 2789, 19, 211, 4337, 3922, 6718, 2050, 2714, 19, 3567, 5229, 6347, 4567, 5452, 497, 7834, 19, 6872, NA, 5699, 4879, 8225, 6409, NA, 
1, 3037, 19, 3291, 5246, 4393, 4895, 1, 192, 5234, 1, 1, 6215, 3166, 413, 7834, 19, 2759, 1106, 3143, 6166, 3136, 6207, 7698, 1741, 7294, 2188, 3374, 1741, 1541, 1540, 2243, 674, 2791, 19, 916, 1530, 723, 2714, 19, 4259, 6294, 5563, 6624, 5327, 6943, 4882, 4209, 4120, 7706, 3162, 7238, 3751, 19, 5360, 4077, 4424, 5031, 5361, 3833, 1, 1, 406, 3037, 19, 6085, 2931, 1882, 1880, 1912, 8039, 312, 3037, 19, 1111, 5962, 6195, 5428, 3869, 497, 7834, 19, 7397, 2523, 1, 7690, 3839, 468, 7834, 19, 3686, NA, 
1811, 731, 2714, 19, 297, 2474, 5394, 5849, 6635, 696, 2714, 19, 149, 2414, 4515, 6947, 7536, 3042, 19, 7454, 5621, 6333, NA, 6214, 515, 7834, 19, 6581, 4123, 6587, 6416, 4959, 1438, 540, 7834, 19, 3585, 7265, 2714, 19, 4084, 1, 5351, 5352, 5051, 3830, 1, 377, 3037, 19, 6908, 4590, NA, 726, 2714, 19, 3213, 5940, 1, 1, 7850, 2792, 1, 229, 5931, 19, 7643, 7642, 1491, 2407, 19, 3102, 1, 6713, 1, 1, 4125, 1, 1591, 2789, 19, 2831, 1267, 5295, 6601, 7895, 5039, 466, 7834, 19, 810, 7717, 49, 3751, 19, 5214, 
1070, 2859, 5041, 7835, 19, 8058, 5816, 3926, 2057, 6125, 7539, 3042, 19, 4576, 2543, 4747, 3358, 655, 2791, 19, 907, 3116, 2714, 19, 6793, 2952, 4776, 1910, 742, 2714, 19, 3221, 1209, 1, 1, 5612, 1, 1, 1, 5619, 1, 1, 5391, 7040, 1, 1605, 2789, 19, 213, 2566, 4463, 2714, 19, 3085, 1428, 1672, 6630, 1730, 1720, 6704, 6256, 1730, 1707, 5850, NA, 1730, 7258, 653, 2791, 19, 2762, NA, 2714, 19, 6100, 8215, 5593, 7509, 3042, 19, 210, 6009, 697, 2714, 19, 8162, 8014, 5994, 7125, 3230, 1, 1, 1, 339, 3037, 
19, 3210, 3395, 3280, 2473, 2926, 2511, 2962, 6188, 726, 2714, 19, 3447, NA, 6478, 3356, NA, 4839, 552, 7834, 19, 8057, 3612, 1, 1018, 7598, 1, 234, 5931, 19, 7214, 2181, 7029, 5878, 5054, 497, 7834, 19, 3698, 7484, 4720, 4709, 5322, 2249, 5903, 5690, 5832, 497, 7834, 19, 1426, 4118, 4357, 4853, 1, 331, 3037, 19, 1677, 3530, 3134, 2098, 7360, 2714, 19, 6329, 5712, 5008, 7592, 524, 7834, 19, 5215, 2415, 6295, 5134, 5829, 1068, 543, 7834, 19, 1177, 3461, 1178, 1, 1, 3889, 523, 7834, 19, 7458, 3254, 
3634, 4829, 1, 402, 3037, 19, 2515, 7342, 1, NA, 1, 6456, 1, 1029, 1, 1586, 2789, 19, 806, 6286, 3751, 19, 212, 1519, 5950, 2431, NA, 2714, 19, 7218, 5635, 2714, 19, 5283, 1082, 5286, 1083, 5281, 5914, 7664, 7089, 670, 2791, 19, 294, 6894, 2046, 2714, 19, 4233, 6628, 4892, 8072, 7538, 3042, 19, 4671, 1, 1, 1094, 1, 1097, 1597, 2789, 19, 7004, NA, 6559, NA, 497, 7834, 19, 6583, 6541, 6768, 5013, 1, 540, 7834, 19, 1725, 2961, 2086, 719, 2714, 19, 3275, 4335, 1, NA, 6786, 1, NA, 696, 2714, 19, 3960, 
2605, 2407, 19, 5926, 2328, 2148, 4400, 1, 2201, 4307, 1, 2263, 6257, 1, 2285, 5554, 1, 2306, 1358, 1, 2332, 1334, 1, 1395, 1, 1623, 2789, 19, 2958, 1049, 4206, 7314, 2407, 19, 4563, 6044, 7976, 5601, 1735, 1765, 1738, 6048, 6057, 6505, NA, 5668, 6398, 8130, 19, 849, 2497, 2714, 19, 3231, 3307, 3006, 2407, 19, 3988, 2445, 1, 6464, 1, 1, 7046, 273, 5931, 19, 1573, 2110, 2450, 2887, 2451, 2883, 2882, 2100, 2449, 2895, 2600, 2907, 2889, 1695, 1574, 1562, 1560, 1561, 1563, 1559, 594, 7834, 19, NA, 1, 
1, 2475, 1, 1, 4967, 1, 1, 3608, 3527, 413, 7834, 19, 176, 2141, 2199, 2256, 2279, 3549, 7562, 3042, 19, 1572, 1934, 2587, 2906, 2809, 2735, 2896, 1805, 2805, 2586, 2583, 2455, 2888, 1695, 1574, 1562, 1560, 1561, 1563, 1559, 593, 7834, 19, NA, 1930, 2905, 2797, 2577, 2899, 2458, 1801, 2584, 2902, NA, 2808, 2452, 1695, 1574, 1562, 1560, 1561, 1563, 1559, 594, 7834, 19, 1571, 1931, 2661, 2578, 2660, 2897, 2580, 1802, 2453, 2456, 2457, 2581, 2885, 1695, 1574, 1562, 1560, 1561, 1563, 1559, 594, 7834, 
19, 3069, 2190, NA, 1762, 1767, 1857, 1852, 2031, 7114, 367, 3037, 19, 3045, 2886, 2454, 2898, 2582, 2579, 6254, 1695, 1574, 1562, 1560, 1561, 1563, 1559, 593, 7834, 19, 8162, 8013, 3639, 4330, 3849, 1, 339, 3037, 19, 4716, NA, 4712, 7679, 3498, 3816, 1, 315, 3037, 19, 6670, 1352, 5672, 7977, 8226, 7570, 3042, 19, 7628, 4694, 7321, 2407, 19, NA, 2481, NA, 2714, 19, 7638, 2502, 7327, 2407, 19, 843, 3029, 8183, 3439, 719, 2714, 19, 4622, 4051, 7084, 5632, 1, 1, 1, 1, 4864, 3400, NA, 7834, 19, 5733, 
7495, 5734, 525, 7834, 19, 4048, 2604, 7320, 2407, 19, 837, 1533, 2714, 19, 7099, 7441, 1, 5048, 1, 1, 4883, 1, 264, 5931, 19, 2518, 6791, 2714, 19, 3645, 1305, 3998, 3996, 3868, 3037, 19, 5147, NA, 1, NA, 1, 257, 5931, 19, 4047, 1341, 1, 1666, 4846, 251, 5931, 19, 4078, 3949, 5276, 8165, 7293, 8029, 3863, 1, 377, 3037, 19, 5129, 2603, 2407, 19, 3455, 4084, 4373, 3554, 4824, 3037, 19, 8234, 7935, 1, 4600, 1, 7674, 3226, 1, 1595, 2789, 19, 5121, 7866, 7188, 6637, 7661, 7353, 3985, 3, 3961, 8067, 19, 
7612, 3070, 7611, 7050, 7608, 1529, 7503, 7557, 3042, 19, 7223, 2694, 4960, 5876, 599, 7834, 19, 6084, 4084, 3632, 1922, 2010, 2021, 1926, 3831, 1, 1, 391, 3037, 19, 3298, 7943, 7437, 2224, NA, 6663, 3887, 3722, 4963, 3297, 484, 7834, 19, 8017, 6771, NA, 2714, 19, 4554, 1749, 6819, 7552, 3042, 19, 6525, 1227, 4832, 2573, 485, 7834, 19, 5486, 6318, 2001, 724, 2714, 19, 3537, 2382, NA, 7006, 3042, 19, 6240, 2045, 2027, 7607, 2785, 7544, 3042, 19, 3338, 2297, 1731, 2298, 1731, 2299, 1731, 2300, 3706, 
3751, 19, 6777, NA, 2773, 698, 2714, 19, 6310, 7999, 1427, 3756, 4923, 1, 337, 3037, 19, 858, 2967, 4284, 719, 2714, 19, 2430, 2432, 5332, 5864, 7186, 5673, 5647, 7189, 3950, 1, 644, 2791, 2504, 2277, 7236, 2407, 19, 174, 4326, 3042, 19, 4010, 1, 4545, 1999, 1851, 2067, 6122, 377, 3037, 8157, 3466, 2714, 19, 4700, 4013, 2714, 19, 853, 5865, 2714, 19, 7096, NA, 4762, 4667, 559, 7834, 19, 8161, 5077, 2407, 19, 2893, 4192, 6585, 6578, 6415, 562, 7834, 19, 800, 3664, 122, 3751, 19, 3204, 2964, 1987, 
2132, 1819, 2714, 19, 790, 4552, 4427, 65, 3751, 19, 2408, 8187, 1, 5204, 7835, 19, 5938, 2527, 4464, 3836, 418, 7834, 19, 5221, 2744, 7887, 4724, 6483, 559, 7834, 19, 1030, 5710, 6477, 1752, 1750, 1748, 1756, 1761, 559, 7834, 19, 815, 3388, 4681, 5289, 109, 3751, 19, 4618, 2832, 6602, 7894, 5294, 5449, 3929, 559, 7834, 19, 2655, 5965, 6194, NA, 6675, 4244, 559, 7834, 19, 4079, 1, 7792, 1914, 2025, NA, 4819, 390, 3037, 19, 862, NA, 2714, 19, 2409, 3962, 4848, 5936, 442, 7834, 19, 5193, 2498, 2714, 
19, 4333, 5487, 4290, 7863, 1900, 1007, 7518, 3042, 19, 5610, 5697, NA, 7536, 3042, 19, 3139, 1212, 5021, 1, 7982, 6241, 1, 1210, 1, 1606, 2789, 19, NA, NA, 740, 2714, 4663, 4772, 7207, 7824, 1649, 2789, 19, 1042, 1041, 2187, 5018, 4390, 7286, 1, 1, 331, 3037, 19, 209, 3271, 707, 2714, 19, 3581, 3924, 2714, 19, 6750, 6001, 1938, 2714, 19, 2998, 1, 3640, 2239, 1919, 1777, 1879, 1899, 3807, 388, 3037, 19, 1360, 3647, 1, 1, 6172, 1, 1, 7928, 2439, 1620, 2789, 19, 173, 4401, 5255, 7363, 5260, 1035, 7510, 
3042, 19, 7814, 1424, 1, 1, 1, 7614, 1432, 418, 7834, 19, NA, NA, 2714, 19, 6174, 2677, 6176, 2714, 19, 6150, 3156, 5848, 4859, 4248, 6152, 5003, 3301, 7471, 413, 7834, 19, 4405, 4305, 2142, 2198, 2257, 6101, 7540, 3042, 19, 7955, 5106, 4353, 1076, 1, 1, 1248, 1, 1, 1, 3265, 1615, 2789, 19, NA, 7956, 3576, 7854, 3419, 1463, NA, 3296, 171, 7219, 6158, 409, 7834, 19, 3120, 7473, 2044, 2776, 946, 2714, 19, 7087, 5719, 4844, 6580, 6414, 6417, 3284, 607, 7834, 19, 3217, 4119, 5007, 1775, 2714, 19, NA, 
4049, 1, 2223, NA, 1, 214, 5931, 19, 3340, 2162, 4549, 7552, 3042, 19, NA, 1468, NA, 7322, 2407, 19, 4431, NA, 7646, 2720, 7613, 7036, 7532, 3042, 19, NA, 1159, 3510, 1, 8233, 1632, 2789, 19, NA, 6384, 1, 1012, 1, 8094, 233, 5931, 19, 3966, 7474, 1206, 723, 2714, 19, 3140, 1281, 1, 5319, 1, 4293, 3993, 1, 1611, 2789, 19, 4557, 3508, 4003, 3997, 7588, 1309, 7155, 678, 2791, 19, 175, 7761, 2441, 2440, 7542, 3042, 19, 3501, 2856, 7012, 2855, 7687, 4236, 2857, 2791, 19, 3053, 7635, 4758, 3878, 559, 7834, 
19, 4338, 5957, 6197, 6579, 3892, 563, 7834, 19, 6752, 2411, 2398, 5306, 5053, 3674, 3867, 559, 7834, 19, 6933, 4342, 2714, 19, 4645, 5108, 5956, 4160, 570, 7834, 19, 4117, 1365, 2143, 6173, 3599, 12, 7764, 4748, 2274, 8221, 6546, 3124, 2287, 6938, 4744, 3529, 672, 2791, 19, 897, 2948, 7872, 2714, 19, 3310, 3459, 1306, 4877, 559, 7834, 19, 5429, 6266, 1125, 7696, 476, 7834, 19, 5323, 2938, 2714, 19, 6566, 2828, 6774, 6130, 715, 2714, 19, 774, 5584, 5004, 22, 3751, 19, 7282, 7488, 6345, 7839, 418, 
7834, 19, 1072, 7629, 1073, 5166, 559, 7834, 19, 4054, 7440, 1, NA, 1, 1138, 1, 247, 5931, 19, 788, 3405, 77, 3751, 19, 3292, 7634, 4850, 3900, 560, 7834, 5992, 1366, 6177, 2444, 5766, 6924, 678, 2791, 19, 3272, 6746, 2714, 19, 7047, 5568, 719, 2714, 19, 7730, 7729, 4197, 7552, 3042, 19, 2594, 1225, 7927, 7835, 19, 813, 7284, 6120, 8100, 24, 3751, 19, 5385, 6070, 2714, 19, 3487, 1, 7948, 5161, 1, 371, 3037, 19, 5707, 3518, 1, 2145, 4706, 1, 2206, 6388, 1, 2259, 3260, 1, 2286, 5436, 1, 2305, 7624, 
1, 2331, 4519, 1, 2342, 4621, 1, 1659, 2789, 19, 759, NA, NA, 3751, 19, 2541, NA, 4925, 7300, 2714, 19, 2278, 939, 945, NA, 944, 943, 942, 941, NA, 940, 938, 3847, 341, 3037, 19, 4177, 4383, 727, 2714, 19, 2997, 1, 4367, 5016, 1203, 1, 377, 3037, 19, 7270, 6044, 7859, 5600, 1735, 3716, 1768, 1738, 6047, 6054, 6505, NA, 5668, 6398, 8130, 19, 1417, 1773, 1996, 2214, 2273, 2296, 2315, 2335, 1416, 7558, 3042, 19, 2538, 6769, 7475, 7303, 726, 2714, 4140, 7055, 7340, 1379, 1649, 2789, 19, NA, NA, NA, 1383, 
5045, NA, 1382, 2791, 19, 8126, 8137, 8127, 7626, 6562, 5543, 4136, 678, 2791, 19, 7256, 1362, 6175, 2443, 5765, 3600, 7720, 8020, 3750, 1, 427, 7834, 19, 775, 3409, 7735, 3350, 125, 3751, 1577, 1, 5256, 7206, 7684, 2993, 1649, 2789, 19, 4561, 6649, 7336, 7541, 3042, 19, 3050, 7487, 5399, 4406, 5485, 7840, 7694, 3837, 6317, 418, 7834, 19, 3453, 2436, 2542, 2585, 5589, 3431, 2435, 7003, 464, 7834, 19, 762, 6042, 5842, NA, 3244, 7938, 3390, 97, 3751, 19, 2480, 7714, NA, 2714, 19, 8061, 2839, 7409, 
7693, 3043, 3891, 551, 7834, 19, 3938, 3233, 733, 2714, 19, 4341, 7631, 5297, 3787, 544, 7834, 19, NA, 5625, NA, NA, 561, 7834, 19, 808, 2463, 5644, 7376, 3434, 5643, 6879, 4840, 1, 1, 3903, 1, 1, 413, 7834, 19, 6869, 4339, 7547, 3042, 19, 910, 3981, 2714, 19, 6833, 3989, 2714, 2252, 3742, 5280, 5783, 5908, 1249, 678, 2791, 19, 3566, 5349, 5355, 6357, 3829, 559, 7834, 19, 8140, 2232, 6230, 2918, 7472, 6458, 7190, 4651, 6651, 680, 2791, 19, 8201, 2446, 4548, 725, 2714, 19, 8151, 1832, 1829, 2075, 
2097, 1974, NA, 1970, 1, 399, 3037, 19, NA, 2591, 6263, NA, 4278, 5424, 5425, 483, 7834, 19, 1516, 4343, 4697, 544, 7834, 19, 5546, 6529, 7408, 4420, 4878, 572, 7834, 19, 7278, 2247, 3908, 7522, 3042, 19, 5969, 3957, 5105, 4931, 3814, 559, 7834, 19, 8195, 2195, 5970, 4002, 569, 7834, 19, 7289, 2676, 6909, 726, 2714, 19, 6060, 2881, 1, NA, 1, 5533, 218, 5931, 19, 4050, 5968, 5909, 3594, 559, 7834, 19, 2540, 4771, 6671, 5344, 3601, 1031, 1, 386, 3037, 19, 2253, 4770, NA, NA, NA, 1, NA, NA, NA, NA, 
NA, NA, NA, NA, NA, NA, 3702, 3751, 19, 1402, 5313, 5363, 4947, 3877, 1, 374, 3037, 19, 3474, 1425, 3088, 3454, 3091, 653, 2791, 19, 7364, 2516, 5017, 1, NA, 6404, 969, 696, 2714, 19, 2575, 1224, 3430, 2383, 7919, 1223, 678, 2791, 19, 5116, 4790, 2714, 19, 3203, 6923, 3122, 8158, 7964, 3123, 5395, 7753, 4534, 6942, 7142, 2791, 19, 5202, 3057, 7354, 735, 2714, 19, 2419, NA, 2860, 6067, 1, 7835, 19, 5608, 7068, 7589, 3368, 559, 7834, 19, 5259, 5257, 7319, 2407, 19, 770, 3955, 7183, 5844, 78, 3751, 
19, 151, 3995, 7231, 7227, 7225, 7333, 3042, 19, 3489, 1457, 8125, 7901, 678, 2791, 19, 777, 7001, 89, 3751, 19, 6806, 2953, 1836, 719, 2714, 19, 6812, 2695, 8102, 4481, 340, 3037, 19, 4556, 3952, 6420, 7616, 6293, 8235, 1124, 7513, 3042, 19, 899, 2484, 3435, 2714, 19, 4601, NA, 712, 2714, 19, 3101, 7669, 6350, 4741, 1222, 690, 2791, 19, 4664, 1213, 7786, 1, 1, 7812, 4081, 1605, 2873, 2789, 19, 7651, 2741, 7325, 2407, 19, 6911, 7445, 4679, 5662, 4875, 6761, 559, 7834, 19, 7710, 2678, 691, 2714, 19, 
4616, 1490, 7750, 7934, 679, 2791, 19, 5791, 1052, 5291, 3425, 6914, 2791, 19, 5935, 4586, 1, 1, 1, 3880, 443, 7834, 19, 1303, 1304, 104, 7615, 2381, 924, 6542, 19, 6467, 6522, 5279, 5800, 7788, 6454, 7468, 547, 7834, 19, 4291, 5628, 4321, 5365, 3242, 6138, 1, 4272, 1, NA, 8040, 529, 7834, 19, 1662, 1174, 6424, 1, 5582, 1, 1, 1, 5583, 1, 1, 1, 1, 7988, 1, 1, 1659, 2789, 19, 781, 4644, 1548, 1, 5910, 1, 5904, 1, 5645, 1, 5123, 6498, 1523, 1, 1, 1, 1, 3451, 6271, 1, 1, 7676, 7734, 1, 1, 1, 3541, 1, 
7332, 413, 7834, 19, 6355, 3004, 5354, 6356, 5063, 3037, 19, 5522, 3927, 2718, 4163, 6412, 3751, 19, 6638, 6521, 7328, 1363, 8220, 538, 7834, 19, 6906, 2997, 7900, 3631, 1893, 1918, 1898, 1778, 3808, 1, 388, 3037, 19, 5720, 2530, 2788, 559, 7834, 19, 4546, 7481, 1022, 7885, 4723, 5133, 6482, 559, 7834, 19, 2609, 1226, 7757, 7317, 2407, 19, 4158, 4157, 7892, 1649, 2789, 19, 6153, 2619, 2714, 19, 2225, 1350, 7410, 7916, 3125, 556, 7834, 19, 768, 2592, 6707, 6063, 3937, 4096, 6749, 6268, 3262, 3879, 
483, 4467, 7834, 19, 2537, 3503, 6316, 3087, 3838, 1, 334, 3037, 19, 2636, 2589, 1, 3349, 6397, 420, 7834, 19, 3158, 4300, 1, 1, 7330, 5540, 1, NA, 5480, 281, 5931, 19, 765, 7702, 5678, 123, 3751, 19, NA, NA, 7411, NA, 559, 7834, 19, 7432, 3044, 6881, 4344, 3059, 4207, 5921, 5397, 4271, 6564, 1746, 8185, 6061, 6934, 7513, 3042, 19, 6087, 3757, 4274, 5872, 3793, 1, 359, 3037, 19, 3354, NA, 738, 2714, 19, 5896, 7483, 6193, 6847, 6557, 500, 7834, 19, 791, 3573, 6905, 7765, 8214, 3751, 19, 6767, 5350, 
1393, 1643, 2789, 19, 6802, 2539, 1782, 2019, 1874, 6448, 331, 3037, 19, 7254, 4594, 7951, 5476, 7371, 4703, 1649, 2789, 19, 7639, 4593, 1045, 1649, 2789, 19, 7443, 2821, 7953, 5998, 7922, 4170, NA, 2791, 19, 3341, 6379, 1, 7985, 1, 5110, 262, 5931, 19, 3479, 7926, 1047, 7415, 678, 2791, 19, 6997, 2157, 6246, 1738, 2212, 6246, 1738, 2267, 6246, 1738, 2289, 6245, 1738, 2311, 6245, 1738, 5517, 7433, 3751, 19, 797, NA, 6023, 4536, 6815, 55, 3751, 19, 8068, NA, 1, 7595, 1, 6685, 270, 5931, 19, 6021, 
1034, 3637, 5261, 4796, 1, 377, 3037, 19, 1150, 1, 2360, 1868, 1980, 1896, 2058, 6447, 1, 331, 3037, 19, 2606, 1378, 7316, 2407, 19, 2820, 6187, 7931, 5388, 7603, 1590, 2789, 19, 5716, 5857, 5855, 4436, 5856, 5861, 4894, 568, 7834, 19, 7652, 2959, 7871, 2407, 19, 162, 2590, 6361, 6205, 5918, 6064, 3864, 483, 7834, 19, 1148, 6949, 4571, 5827, 5149, 4369, 4805, 1, 333, 3037, 19, 2395, 7918, 1171, 4845, 2392, 1162, 678, 2791, 19, 3651, 5622, 3991, 6148, 3671, 5287, 5450, 4955, 1, 7834, 19, 4564, 8141, 
3112, 5930, 6217, 7019, 3442, 7384, 6493, 6469, 4560, 6468, 3893, 7140, 7511, 3042, 19, 8198, 8147, 2152, 2208, 2271, 2293, 2310, 6450, 3751, 19, 7851, 1, 2017, 1, 3035, 1961, 1, NA, 1, 3035, 2012, 1, 3035, 1599, 2789, 19, 6690, 3720, 2155, 6247, 2207, 6246, 2265, 6245, 2291, 6245, 2312, 6246, 5518, 5523, 2767, 3751, 19, 6082, 5683, 5684, 5685, 7199, 3666, 3667, NA, 2381, 924, 6542, 19, 4292, 1, 3715, 1786, 5488, 7543, 3042, 19, 7032, 4441, 6305, 3129, 3128, 6218, 3913, 7572, 3042, 19, 5274, 3003, 
5277, 6441, 5275, 4613, 6568, 1337, 585, 7834, 19, 4124, 2651, 1, 5509, NA, 236, 5931, 19, 824, 3413, 1062, 3428, 5034, 50, 3751, 19, 2442, 7477, 7756, 1364, 6171, 4973, 539, 7834, 19, 751, 6265, 4782, 4783, 5020, 6716, 5024, 3579, 483, 7834, 19, 4035, 7644, 6811, 4984, 3933, 344, 3037, 19, 4665, 1036, 1, 5777, 5258, 7422, 1587, 2789, 19, 827, 3334, 5830, 6892, 113, 3751, 19, 2761, NA, 2780, 726, 2714, 19, 3215, 2476, 7502, 2714, 19, 6425, 1, 7921, 6694, 1, 4153, 5863, 1659, 2789, 19, 1579, 4475, 
2074, 719, 2714, 19, 811, 6411, 93, 3751, 19, 1726, 3196, 5262, 5265, 1785, 3253, 8064, 5549, 7967, 5433, 7512, 3042, 19, 898, 2618, 1830, 694, 2714, 19, 3411, 5987, 5413, 2714, 19, 3507, 1439, 2703, 5427, 678, 2791, 19, 3475, 6941, 2194, 6314, 3089, 4754, 7903, 1430, 654, 2791, 19, 1109, 5708, 3586, 559, 7834, 19, 7412, 2248, 1385, 490, 7834, 19, 7990, 3384, NA, NA, NA, NA, NA, NA, 4558, 3751, 19, 1678, 5986, 6773, 2047, 726, 2714, 19, 6005, 168, 6717, 7367, 2715, 5520, 6882, 5138, 4237, 4866, 6790, 
6715, 642, 2791, 19, 772, 7897, 3366, 99, 3751, 19, 3670, 3228, 1, 7145, 1, 4299, 7568, 3042, 19, 6068, 2246, 5853, NA, 5022, 4172, 571, 7834, 19, NA, 5282, 1, 5135, 1, 6625, 7552, 3042, 19, 3528, 1065, 1699, 6859, 7456, 1721, 4009, 4489, 1706, 3056, 3583, 1064, 683, 2791, 19, 760, 3192, 3185, 7599, 2405, 7052, 3389, 74, 3751, 19, 8228, 7701, 2056, 1864, 5113, 7569, 3042, 19, 6788, 2670, 7194, 972, 706, 2714, 19, 5704, 3237, 6463, 85, 2381, 924, 6542, 19, 823, 3333, 139, 3751, 19, 7889, 2745, 2536, 
2840, 7888, 1, 377, 3037, 19, 801, 6895, 4533, 3731, 3917, 7987, 105, 2768, 3751, 19, 874, 2674, 1960, 1975, 6119, 706, 2714, 19, 3225, 6044, 6202, 5599, 1735, 1766, 1738, 6046, 6058, 6505, NA, 5668, 6398, 8130, 19, 2824, 7914, 1, 5527, 1, 4831, 1, 6472, 1590, 2789, 2593, 1, 6236, 4777, 1649, 2789, 19, 4312, 5919, 4909, 4366, 4262, 5922, 3037, 19, 1017, 4497, 4523, 6094, 1, 365, 3037, 19, 6821, 1145, 3420, 7917, 5145, 1147, 684, 2791, 19, 3317, 7653, 1023, 490, 7834, 19, 2196, 7981, 3097, 6730, 5025, 
1, 385, 3037, 19, 4686, 2842, 3999, 4860, 3037, 19, 4030, 1146, 7766, 5995, 6270, 4570, 1144, 676, 2791, 19, 1674, 1817, 1985, 1843, NA, 2714, 19, 7645, NA, 1104, 490, 7834, 19, 7658, 2241, 6325, 490, 7834, 19, 1727, 6714, 719, 2714, 19, 1476, 1470, 4362, NA, 7504, 3322, 1, 325, 3037, 19, 4071, NA, 1, 3357, 3979, 285, 5931, 19, 5824, 6917, 5826, 5035, 4239, 5822, 834, 2791, 19, 3565, 1901, 1873, 2112, 1793, 2088, 2082, 2095, 1945, 3597, 7552, 3042, 19, 6830, 7485, 3897, 483, 7834, 19, 6929, 1795, 
2714, 19, 6832, 2672, 2052, 6106, 153, 2714, 19, 8175, 1431, 4769, 3241, 1649, 2789, 19, NA, 1858, 1862, 6302, 7554, 3042, 19, 6753, 7650, 4759, 3786, 491, 7834, 19, 3316, 7462, 1329, 6250, 490, 7834, 19, 8155, 3339, 2153, 4788, 1, 1743, 2210, 5412, 1, 1743, 2270, 7011, 1, 1743, 2294, NA, 1, 1743, 2308, 4006, 1, 1743, 2334, 5887, 1, 2789, 19, 764, 7974, 98, 2766, 3751, 19, 7348, 7486, 1, 4283, 1, 6362, 1, 1, 4241, 446, 7834, 19, 918, 7817, 965, 2714, 19, 771, 6903, 6623, 7132, 76, 3751, 19, 1472, 
5997, 2108, 2107, 1791, 1878, 1986, 2103, 1959, 1869, 2023, 4826, 1, 3037, 19, 5681, 2653, 1, 1, 1006, 1, 7037, 238, 5931, 19, 6007, 6203, 1993, 706, 2714, 4650, 1, 6843, 5377, 1044, 1649, 2789, 19, 2228, 3622, 1, 1, 7423, 7470, 5109, 1, 1593, 2789, 19, NA, NA, NA, 3042, 19, 821, NA, 6234, NA, 86, 3751, 19, 3205, NA, 6290, 2714, 19, 917, 2671, 2714, 19, 3615, NA, 4215, 6233, 3223, 377, 3037, 19, 6114, 3946, 7297, 1, NA, 1, 3575, 1, NA, 1, 5900, 1, 3066, 1, 1, 1590, 2789, 19, 164, 3494, 1473, 154, 
1, 4446, 4506, 3899, 3183, 3037, 19, NA, NA, 6474, 726, 2714, 19, 2416, 3619, 1, 3690, 4101, 2719, 7593, 7420, 7835, 19, 6086, 5980, 1273, 4927, 372, 3037, 19, 822, 5640, 83, 3751, 19, 7444, 2192, 2407, 19, 1534, 6495, 6827, 1, 1, 4512, 1, 7292, 4948, 1, 1043, 1, 6365, 1589, 2789, 19, NA, 6898, 4165, 7, 9, 8, 10, 2714, 19, 3499, 4432, 3553, 4868, 3844, 1, 321, 3037, 19, 838, 3130, 1992, 2094, 2714, 19, 3449, 2608, 3582, 5762, 3588, 3038, 1063, 682, 2791, 19, 818, 7017, 1108, 3932, 3751, 19, 1342, 
4585, 2407, 19, 6090, 6301, 6304, 7119, 719, 2714, 19, 4301, 2193, 2407, 19, 6300, 2894, 5055, 719, 2714, 19, 825, 6986, 5086, 6303, 110, 3751, 19, 4311, 4499, 5264, 4870, 925, NA, 406, 1697, 3037, 19, 2429, 2517, 7762, 6253, 3539, 6488, 2647, 4578, 2649, 1040, 678, 2791, 19, 3193, 2632, 2014, 6131, NA, 2714, 19, 829, 7657, 3177, 2403, 4553, 5843, 5071, 70, 3751, 19, 6853, 6695, 4827, 1997, 1956, 2066, 4443, 377, 3037, 19, 5492, 2230, 5927, 2714, 19, 3406, 3049, 3781, 3751, 19, 877, 2673, 706, 2714, 
19, 1475, 7338, 1859, 1809, 1846, 2013, 1826, 2117, 1776, 2932, 1, 1, 377, 3037, 19, 3113, 2908, 2714, 19, 1149, 7994, 3506, 4966, 342, 3037, 19, 882, 5889, 1948, 4223, 736, 2714, 19, 4699, 2182, 1140, NA, 2716, 7023, 6076, 1129, 7547, 3042, 19, 3238, 7923, 6374, 1048, 1649, 2789, 19, 295, 3135, 2714, 19, 5999, 3159, 2572, 7226, 3744, 7498, 4317, 377, 3037, 19, 3117, 2635, NA, 2714, 19, 3478, 1009, 5309, 5358, 330, 3037, 19, 5072, 5030, 5081, 3758, 54, 3751, 19, 912, 1254, 1774, 7358, 2051, 2714, 
19, 7298, 6899, 2407, 19, 291, 3154, 2779, 706, 2714, 19, 6315, 1433, 6181, 6312, 7591, 5076, 3083, 5535, 678, 2791, 19, 6823, 3572, 5565, 744, 2714, 19, 5263, 1, 3626, 1855, 2102, 1853, 1842, 2109, 2005, 2114, 1520, 1471, 1, 381, 3037, 19, 4196, 2529, 6674, 5342, 5493, 3037, 19, 4698, NA, 1131, 1839, 1787, 621, 2714, 19, 750, 3351, 4204, 5075, 64, 3751, 19, 7630, 4243, 2407, 19, 3476, 7741, 6615, 3457, 6891, 682, 2791, 19, 2401, 1001, 3382, 7836, 3751, 19, 4027, 2574, 7807, 6794, 7835, 19, 8128, 
1485, 4597, 7548, 3041, 3042, 19, 2400, 999, 7610, 7008, 3393, 3751, 19, 5398, 2701, 4090, 3733, 1954, 726, 2714, 19, 855, 2669, 2714, 19, 3009, 3473, 7691, 7952, 7117, 1253, 2791, 19, 2399, 1000, 4532, 7438, 6439, 3751, 19, 871, 5803, 3437, 706, 2714, 19, 7785, 2642, 5511, NA, 2714, 19, 1465, 2933, 1232, 693, 2714)
